   60330.0   9   1   4   5   6  14  17  
   60360.0   9   1   4   5   6  14  17  
   60390.0   9   1   4   5   6  14  17  
   60420.0   9   1   4   5   6  14  17  
   60450.0   9   1   4   5   6  14  17  
   60480.0   9   1   4   5   6  14  17  
   60510.0   9   1   4   5   6  14  17  
   60540.0   9   1   4   5   6  14  17  
   60570.0   9   1   4   5   6  14  17  
   60600.0   9   1   4   5   6  14  17  
   60630.0   9   1   4   5   6  14  17  
   60660.0   9   1   4   5   6  14  17  
   60690.0   9   1   4   5   6  14  17  
   60720.0   9   1   4   5   6  14  17  
   60750.0   9   1   4   5   6  14  17  
   60780.0   9   1   4   5   6  14  17  
   60810.0   9   1   4   5   6  14  17  
   60840.0   9   1   4   5   6  14  17  
   60870.0   9   1   4   5   6  14  17  
   60900.0   9   1   4   5   6  14  17  
   60930.0   9   1   4   5   6  14  17  
   60960.0   9   1   4   5   6  14  17  
   60990.0   9   1   4   5   6  14  17  
   61020.0   9   1   4   5   6  14  17  
   61050.0   9   1   4   5   6  14  17  
   61080.0   9   1   4   5   6  14  17  
   61110.0   9   1   4   5   6  14  17  
   61140.0   9   1   4   5   6  14  17  
   61170.0   9   1   4   5   6  14  17  
   61200.0   9   1   4   5   6  14  17  
   61230.0   9   1   4   5   6  14  17  
   61260.0   9   1   4   5   6  14  17  
   61290.0   9   1   4   5   6  14  17  
   61320.0   9   1   4   5   6  14  17  
   61350.0   9   1   4   5   6  14  17  
   61380.0   9   1   4   5   6  14  17  
   61410.0   9   1   4   5   6  14  17  
   61440.0   9   1   4   5   6  14  17  
   61470.0   9   1   4   5   6  14  17  
   61500.0   9   1   4   5   6  14  17  
   61530.0   9   1   4   5   6  14  17  
   61560.0   9   1   4   5   6  14  17  
   61590.0   9   1   4   5   6  14  17  
   61620.0   9   1   4   5   6  14  17  
   61650.0   9   1   4   5   6  14  17  
   61680.0   9   1   4   5   6  14  17  
   61710.0   9   1   4   5   6  14  17  
   61740.0   9   1   4   5   6  14  17  
   61770.0   9   1   4   5   6  14  17  
   61800.0   9   1   4   5   6  14  17  
   61830.0   9   1   4   5   6  14  17  
   61860.0   9   1   4   5   6  14  17  
   61890.0   9   1   4   5   6  14  17  
   61920.0   9   1   4   5   6  14  17  
   61950.0   9   1   4   5   6  14  17  
   61980.0   9   1   4   5   6  14  17  
   62010.0   9   1   4   5   6  14  17  
   62040.0   9   1   4   5   6  14  17  
   62070.0   9   1   4   5   6  14  17  
   62100.0   9   1   4   5   6  14  17  
   62130.0   9   1   4   5   6  14  17  
   62160.0   9   1   4   5   6  14  17  
   62190.0   9   1   4   5   6  14  17  
   62220.0   9   1   4   5   6  14  17  
   62250.0   9   1   4   5   6  14  17  
   62280.0   9   1   4   5   6  14  17  
   62310.0   9   1   4   5   6  14  17  
   62340.0   9   1   4   5   6  14  17  
   62370.0   9   1   4   5   6  14  17  
   62400.0   9   1   4   5   6  14  17  
   62430.0   9   1   4   5   6  14  17  
   62460.0   9   1   4   5   6  14  17  
   62490.0   9   1   4   5   6  14  17  
   62520.0   9   1   4   5   6  14  17  
//      
//   EoF
//      