  -5.5905034947077691e-006   3.6384556385510362e-004  -3.0048121644132326e-004   4.9826010733214217e-005   4.4385987425758734e-004  -2.7578186289758646e-005  -1.5211795372185543e-004      
  -5.5905647054334722e-006   3.6384561430488795e-004  -3.0048170900114811e-004   4.9826071865150536e-005   4.4386041410339981e-004  -2.7578210733361004e-005  -1.5211814038199880e-004      
  -5.5906260036828126e-006   3.6384566466362217e-004  -3.0048220152625074e-004   4.9826133060115017e-005   4.4386095388970504e-004  -2.7578235188026415e-005  -1.5211832732104881e-004      
  -5.5906873909426832e-006   3.6384571493030431e-004  -3.0048269401652321e-004   4.9826194318596133e-005   4.4386149361566303e-004  -2.7578259653825302e-005  -1.5211851454209903e-004      
  -5.5907488687106949e-006   3.6384576510393275e-004  -3.0048318647186290e-004   4.9826255641078029e-005   4.4386203328042990e-004  -2.7578284130826949e-005  -1.5211870204824403e-004      
  -5.5908104384951626e-006   3.6384581518350616e-004  -3.0048367889217321e-004   4.9826317028040383e-005   4.4386257288315774e-004  -2.7578308619099493e-005  -1.5211888984257931e-004      
  -5.5908721018150528e-006   3.6384586516802317e-004  -3.0048417127736301e-004   4.9826378479958502e-005   4.4386311242299514e-004  -2.7578333118709943e-005  -1.5211907792820153e-004      
  -5.5909338601999791e-006   3.6384591505648296e-004  -3.0048466362734687e-004   4.9826439997303221e-005   4.4386365189908665e-004  -2.7578357629724140e-005  -1.5211926630820816e-004      
  -5.5909957151901446e-006   3.6384596484788476e-004  -3.0048515594204527e-004   4.9826501580541011e-005   4.4386419131057321e-004  -2.7578382152206800e-005  -1.5211945498569759e-004      
  -5.5910576683360958e-006   3.6384601454122822e-004  -3.0048564822138241e-004   4.9826563230133655e-005   4.4386473065659033e-004  -2.7578406686221394e-005  -1.5211964396376844e-004      
  -5.5911197211997359e-006   3.6384606413551355e-004  -3.0048614046529476e-004   4.9826624946539316e-005   4.4386526993627661e-004  -2.7578431231830578e-005  -1.5211983324552261e-004      
  -5.5911818753522195e-006   3.6384611362974068e-004  -3.0048663267371472e-004   4.9826686730210499e-005   4.4386580914875651e-004  -2.7578455789095362e-005  -1.5212002283405897e-004      
  -5.5912441323757865e-006   3.6384616302291025e-004  -3.0048712484658549e-004   4.9826748581595840e-005   4.4386634829315615e-004  -2.7578480358075869e-005  -1.5212021273247901e-004      
  -5.5913064938634780e-006   3.6384621231402359e-004  -3.0048761698385870e-004   4.9826810501139917e-005   4.4386688736860140e-004  -2.7578504938831198e-005  -1.5212040294388610e-004      
  -5.5913689614179285e-006   3.6384626150208168e-004  -3.0048810908548561e-004   4.9826872489282022e-005   4.4386742637420729e-004  -2.7578529531419001e-005  -1.5212059347138166e-004      
  -5.5914315366527071e-006   3.6384631058608661e-004  -3.0048860115142764e-004   4.9826934546457582e-005   4.4386796530909077e-004  -2.7578554135895992e-005  -1.5212078431806961e-004      
  -5.5914942211917249e-006   3.6384635956504069e-004  -3.0048909318165220e-004   4.9826996673097515e-005   4.4386850417236487e-004  -2.7578578752317757e-005  -1.5212097548705433e-004      
  -5.5915570166685384e-006   3.6384640843794620e-004  -3.0048958517612742e-004   4.9827058869627640e-005   4.4386904296313397e-004  -2.7578603380738452e-005  -1.5212116698143884e-004      
  -5.5916199247277561e-006   3.6384645720380674e-004  -3.0049007713483329e-004   4.9827121136470093e-005   4.4386958168050585e-004  -2.7578628021211413e-005  -1.5212135880432893e-004      
  -5.5916829470235910e-006   3.6384650586162562e-004  -3.0049056905775111e-004   4.9827183474041870e-005   4.4387012032357924e-004  -2.7578652673788576e-005  -1.5212155095882906e-004      
  -5.5917460852202196e-006   3.6384655441040655e-004  -3.0049106094486581e-004   4.9827245882755267e-005   4.4387065889144788e-004  -2.7578677338520632e-005  -1.5212174344804330e-004      
  -5.5918093409931774e-006   3.6384660284915495e-004  -3.0049155279617776e-004   4.9827308363019244e-005   4.4387119738321213e-004  -2.7578702015457588e-005  -1.5212193627507964e-004      
  -5.5918727160268589e-006   3.6384665117687552e-004  -3.0049204461168351e-004   4.9827370915237038e-005   4.4387173579795862e-004  -2.7578726704647822e-005  -1.5212212944304269e-004      
  -5.5919362120157144e-006   3.6384669939257367e-004  -3.0049253639138494e-004   4.9827433539807328e-005   4.4387227413477027e-004  -2.7578751406138522e-005  -1.5212232295503715e-004      
  -5.5919998306652694e-006   3.6384674749525609e-004  -3.0049302813529806e-004   4.9827496237125274e-005   4.4387281239273543e-004  -2.7578776119976137e-005  -1.5212251681417105e-004      
  -5.5920635736904090e-006   3.6384679548392962e-004  -3.0049351984343917e-004   4.9827559007580855e-005   4.4387335057093351e-004  -2.7578800846205688e-005  -1.5212271102355043e-004      
  -5.5921274428157440e-006   3.6384684335760155e-004  -3.0049401151582909e-004   4.9827621851559316e-005   4.4387388866843887e-004  -2.7578825584870977e-005  -1.5212290558628102e-004      
  -5.5921914397755912e-006   3.6384689111527957e-004  -3.0049450315249243e-004   4.9827684769441111e-005   4.4387442668432066e-004  -2.7578850336014529e-005  -1.5212310050546760e-004      
  -5.5922555663152011e-006   3.6384693875597289e-004  -3.0049499475346742e-004   4.9827747761603155e-005   4.4387496461765330e-004  -2.7578875099678115e-005  -1.5212329578421827e-004      
  -5.5923198241890388e-006   3.6384698627869085e-004  -3.0049548631879347e-004   4.9827810828417154e-005   4.4387550246750276e-004  -2.7578899875902095e-005  -1.5212349142563895e-004      
  -5.5923842151611472e-006   3.6384703368244338e-004  -3.0049597784851355e-004   4.9827873970250055e-005   4.4387604023292951e-004  -2.7578924664725585e-005  -1.5212368743283488e-004      
  -5.5924487410053496e-006   3.6384708096624092e-004  -3.0049646934267663e-004   4.9827937187464192e-005   4.4387657791299096e-004  -2.7578949466186512e-005  -1.5212388380891109e-004      
  -5.5925134035053787e-006   3.6384712812909489e-004  -3.0049696080133875e-004   4.9828000480417509e-005   4.4387711550674275e-004  -2.7578974280321729e-005  -1.5212408055697289e-004      
  -5.5925782044553113e-006   3.6384717517001802e-004  -3.0049745222456643e-004   4.9828063849463990e-005   4.4387765301324262e-004  -2.7578999107167149e-005  -1.5212427768012730e-004      
  -5.5926431456578386e-006   3.6384722208802276e-004  -3.0049794361242376e-004   4.9828127294951948e-005   4.4387819043153608e-004  -2.7579023946757105e-005  -1.5212447518147770e-004      
  -5.5927082289252196e-006   3.6384726888212256e-004  -3.0049843496498055e-004   4.9828190817225110e-005   4.4387872776066530e-004  -2.7579048799124766e-005  -1.5212467306412715e-004      
  -5.5927734560805862e-006   3.6384731555133234e-004  -3.0049892628232174e-004   4.9828254416623807e-005   4.4387926499967991e-004  -2.7579073664302609e-005  -1.5212487133118210e-004      
  -5.5928388289553514e-006   3.6384736209466723e-004  -3.0049941756452828e-004   4.9828318093482521e-005   4.4387980214761553e-004  -2.7579098542321436e-005  -1.5212506998574457e-004      
  -5.5929043493906193e-006   3.6384740851114298e-004  -3.0049990881168847e-004   4.9828381848131319e-005   4.4388033920350644e-004  -2.7579123433210967e-005  -1.5212526903091679e-004      
  -5.5929700192376032e-006   3.6384745479977671e-004  -3.0050040002390103e-004   4.9828445680896232e-005   4.4388087616638880e-004  -2.7579148336999986e-005  -1.5212546846980228e-004      
  -5.5930358403560859e-006   3.6384750095958608e-004  -3.0050089120126354e-004   4.9828509592097840e-005   4.4388141303528883e-004  -2.7579173253715775e-005  -1.5212566830550132e-004      
  -5.5931018146161003e-006   3.6384754698958984e-004  -3.0050138234388594e-004   4.9828573582052891e-005   4.4388194980923634e-004  -2.7579198183384761e-005  -1.5212586854111611e-004      
  -5.5931679438961587e-006   3.6384759288880710e-004  -3.0050187345187729e-004   4.9828637651072682e-005   4.4388248648725097e-004  -2.7579223126031867e-005  -1.5212606917974555e-004      
  -5.5932342300847253e-006   3.6384763865625862e-004  -3.0050236452535702e-004   4.9828701799464467e-005   4.4388302306835458e-004  -2.7579248081681078e-005  -1.5212627022448969e-004      
  -5.5933006750797781e-006   3.6384768429096578e-004  -3.0050285556445160e-004   4.9828766027531044e-005   4.4388355955156758e-004  -2.7579273050355284e-005  -1.5212647167844835e-004      
  -5.5933672807872066e-006   3.6384772979195038e-004  -3.0050334656928378e-004   4.9828830335569302e-005   4.4388409593589662e-004  -2.7579298032075711e-005  -1.5212667354471665e-004      
  -5.5934340491233956e-006   3.6384777515823598e-004  -3.0050383753999128e-004   4.9828894723872720e-005   4.4388463222035606e-004  -2.7579323026862876e-005  -1.5212687582639265e-004      
  -5.5935009820138975e-006   3.6384782038884696e-004  -3.0050432847671750e-004   4.9828959192730104e-005   4.4388516840395694e-004  -2.7579348034736130e-005  -1.5212707852657340e-004      
  -5.5935680813920668e-006   3.6384786548280791e-004  -3.0050481937960171e-004   4.9829023742424334e-005   4.4388570448569676e-004  -2.7579373055713143e-005  -1.5212728164835110e-004      
  -5.5936353492018695e-006   3.6384791043914545e-004  -3.0050531024879997e-004   4.9829088373235047e-005   4.4388624046458244e-004  -2.7579398089810992e-005  -1.5212748519482139e-004      
  -5.5937027873952090e-006   3.6384795525688660e-004  -3.0050580108446597e-004   4.9829153085436187e-005   4.4388677633960886e-004  -2.7579423137045132e-005  -1.5212768916907554e-004      
  -5.5937703979340874e-006   3.6384799993506003e-004  -3.0050629188676690e-004   4.9829217879298052e-005   4.4388731210977668e-004  -2.7579448197430265e-005  -1.5212789357420701e-004      
  -5.5938381827881569e-006   3.6384804447269457e-004  -3.0050678265586587e-004   4.9829282755084964e-005   4.4388784777407318e-004  -2.7579473270979421e-005  -1.5212809841330395e-004      
  -5.5939061439368471e-006   3.6384808886882073e-004  -3.0050727339193814e-004   4.9829347713057410e-005   4.4388838333148979e-004  -2.7579498357704755e-005  -1.5212830368945598e-004      
  -5.5939742833682918e-006   3.6384813312247019e-004  -3.0050776409516256e-004   4.9829412753470956e-005   4.4388891878101305e-004  -2.7579523457617179e-005  -1.5212850940575078e-004      
  -5.5940426030794311e-006   3.6384817723267542e-004  -3.0050825476572382e-004   4.9829477876576479e-005   4.4388945412162647e-004  -2.7579548570726399e-005  -1.5212871556527464e-004      
  -5.5941111050757987e-006   3.6384822119847008e-004  -3.0050874540381046e-004   4.9829543082619918e-005   4.4388998935230905e-004  -2.7579573697040870e-005  -1.5212892217111173e-004      
  -5.5941797913723606e-006   3.6384826501888938e-004  -3.0050923600962115e-004   4.9829608371843164e-005   4.4389052447204225e-004  -2.7579598836568096e-005  -1.5212912922634694e-004      
  -5.5942486639923709e-006   3.6384830869296930e-004  -3.0050972658335730e-004   4.9829673744482954e-005   4.4389105947980088e-004  -2.7579623989314241e-005  -1.5212933673406211e-004      
  -5.5943177249674983e-006   3.6384835221974708e-004  -3.0051021712522376e-004   4.9829739200771083e-005   4.4389159437455551e-004  -2.7579649155284199e-005  -1.5212954469733702e-004      
  -5.5943869763379106e-006   3.6384839559826086e-004  -3.0051070763542962e-004   4.9829804740934454e-005   4.4389212915527175e-004  -2.7579674334481593e-005  -1.5212975311924913e-004      
  -5.5944564201536690e-006   3.6384843882755080e-004  -3.0051119811419892e-004   4.9829870365196480e-005   4.4389266382092324e-004  -2.7579699526909354e-005  -1.5212996200287832e-004      
  -5.5945260584718446e-006   3.6384848190665749e-004  -3.0051168856175015e-004   4.9829936073774382e-005   4.4389319837046822e-004  -2.7579724732568650e-005  -1.5213017135129805e-004      
  -5.5945958933593800e-006   3.6384852483462346e-004  -3.0051217897831650e-004   4.9830001866881929e-005   4.4389373280287285e-004  -2.7579749951459967e-005  -1.5213038116758406e-004      
  -5.5946659268901319e-006   3.6384856761049165e-004  -3.0051266936412610e-004   4.9830067744726660e-005   4.4389426711708845e-004  -2.7579775183582012e-005  -1.5213059145480567e-004      
  -5.5947361611479751e-006   3.6384861023330719e-004  -3.0051315971942310e-004   4.9830133707512878e-005   4.4389480131207547e-004  -2.7579800428932900e-005  -1.5213080221603508e-004      
  -5.5948065982242755e-006   3.6384865270211599e-004  -3.0051365004445107e-004   4.9830199755439304e-005   4.4389533538678495e-004  -2.7579825687509214e-005  -1.5213101345433976e-004      
  -5.5948772402190097e-006   3.6384869501596546e-004  -3.0051414033946069e-004   4.9830265888700098e-005   4.4389586934016683e-004  -2.7579850959306443e-005  -1.5213122517278616e-004      
  -5.5949480892404810e-006   3.6384873717390423e-004  -3.0051463060470782e-004   4.9830332107484738e-005   4.4389640317116837e-004  -2.7579876244318882e-005  -1.5213143737443863e-004      
  -5.5950191474052476e-006   3.6384877917498235e-004  -3.0051512084045408e-004   4.9830398411977911e-005   4.4389693687873415e-004  -2.7579901542539649e-005  -1.5213165006235950e-004      
  -5.5950904168381340e-006   3.6384882101825138e-004  -3.0051561104696623e-004   4.9830464802359560e-005   4.4389747046180635e-004  -2.7579926853960678e-005  -1.5213186323960904e-004      
  -5.5951618996721691e-006   3.6384886270276410e-004  -3.0051610122451680e-004   4.9830531278804901e-005   4.4389800391932415e-004  -2.7579952178572688e-005  -1.5213207690924546e-004      
  -5.5952335980482905e-006   3.6384890422757460e-004  -3.0051659137338193e-004   4.9830597841484179e-005   4.4389853725022258e-004  -2.7579977516365180e-005  -1.5213229107432409e-004      
  -5.5953055141165093e-006   3.6384894559173897e-004  -3.0051708149384957e-004   4.9830664490563738e-005   4.4389907045344114e-004  -2.7580002867326748e-005  -1.5213250573790075e-004        