   2.1780146896730881e+007  -7.1058300820296286e+006  -6.1533843135944884e+006   1.3808406763384255e+007   2.5138143918885268e+007   1.8896103230897464e+007   1.5247581636179794e+007      
   2.1776386079660386e+007  -7.0285897851327723e+006  -6.2183560545575842e+006   1.3800220134586308e+007   2.5118160602917481e+007   1.8934840610472649e+007   1.5226284490592815e+007      
   2.1772354106104899e+007  -6.9513829747424889e+006  -6.2834553457604162e+006   1.3792162322816322e+007   2.5097909308868110e+007   1.8973263991805170e+007   1.5204726174905995e+007      
   2.1768050236759175e+007  -6.8742114032208156e+006  -6.3486809162314488e+006   1.3784232893133281e+007   2.5077391076885007e+007   1.9011373052516051e+007   1.5182906150687283e+007      
   2.1763473740891680e+007  -6.7970768198435074e+006  -6.4140314877603333e+006   1.3776431401589951e+007   2.5056606954563878e+007   1.9049167481344026e+007   1.5160823888563149e+007      
   2.1758623896375474e+007  -6.7199809707326079e+006  -6.4795057749548666e+006   1.3768757395258574e+007   2.5035557996905673e+007   1.9086646978163723e+007   1.5138478868240071e+007      
   2.1753499989720788e+007  -6.6429255988365784e+006  -6.5451024852675339e+006   1.3761210412255311e+007   2.5014245266268387e+007   1.9123811253977314e+007   1.5115870578535706e+007      
   2.1748101316104174e+007  -6.5659124437822467e+006  -6.6108203190620597e+006   1.3753789981765134e+007   2.4992669832321551e+007   1.9160660030932933e+007   1.5092998517403688e+007      
   2.1742427179400690e+007  -6.4889432418641653e+006  -6.6766579696849547e+006   1.3746495624067552e+007   2.4970832771998823e+007   1.9197193042326845e+007   1.5069862191957038e+007      
   2.1736476892235342e+007  -6.4120197262376957e+006  -6.7426141232516458e+006   1.3739326850585779e+007   2.4948735169521362e+007   1.9233410032490768e+007   1.5046461118580237e+007      
   2.1730249775910709e+007  -6.3351436255490221e+006  -6.8086874598151091e+006   1.3732283163796891e+007   2.4926378115993146e+007   1.9269310757385023e+007   1.5022794822555160e+007      
   2.1723745160639308e+007  -6.2583166664341222e+006  -6.8748766512382627e+006   1.3725364057491085e+007   2.4903762710072417e+007   1.9304894983428143e+007   1.4998862838873057e+007      
   2.1716962385392517e+007  -6.1815405711598806e+006  -6.9411803632102767e+006   1.3718569016588103e+007   2.4880890057277150e+007   1.9340162488566443e+007   1.4974664711557718e+007      
   2.1709900797943853e+007  -6.1048170578125650e+006  -7.0075972550383378e+006   1.3711897517193584e+007   2.4857761269999947e+007   1.9375113062138628e+007   1.4950199993762512e+007      
   2.1702559755030911e+007  -6.0281478417515233e+006  -7.0741259784575310e+006   1.3705349026756715e+007   2.4834377467911877e+007   1.9409746504201815e+007   1.4925468248268466e+007      
   2.1694938622228924e+007  -5.9515346337853530e+006  -7.1407651791611742e+006   1.3698923003945917e+007   2.4810739777383201e+007   1.9444062626334902e+007   1.4900469046961799e+007      
   2.1687036774038151e+007  -5.8749791408579051e+006  -7.2075134962198902e+006   1.3692618898744704e+007   2.4786849331664760e+007   1.9478061251293078e+007   1.4875201971078502e+007      
   2.1678853593997769e+007  -5.7984830667244066e+006  -7.2743695614675116e+006   1.3686436152540743e+007   2.4762707271069489e+007   1.9511742212673634e+007   1.4849666611490496e+007      
   2.1670388474529829e+007  -5.7220481101409011e+006  -7.3413320010794476e+006   1.3680374198011918e+007   2.4738314742377378e+007   1.9545105355706885e+007   1.4823862568147518e+007      
   2.1661640817147341e+007  -5.6456759665655848e+006  -7.4083994341313364e+006   1.3674432459298695e+007   2.4713672899335891e+007   1.9578150536475323e+007   1.4797789450674389e+007      
   2.1652610032436226e+007  -5.5693683275616458e+006  -7.4755704730319157e+006   1.3668610351991339e+007   2.4688782902458373e+007   1.9610877622139651e+007   1.4771446878237408e+007      
   2.1643295539872054e+007  -5.4931268790390892e+006  -7.5428437251625517e+006   1.3662907283029053e+007   2.4663645918402396e+007   1.9643286491688956e+007   1.4744834478964508e+007      
   2.1633696768197801e+007  -5.4169533041306883e+006  -7.6102177902775435e+006   1.3657322650959594e+007   2.4638263120888785e+007   1.9675377034649611e+007   1.4717951890993187e+007      
   2.1623813155280791e+007  -5.3408492816486750e+006  -7.6776912618602552e+006   1.3651855845852591e+007   2.4612635690177970e+007   1.9707149151744321e+007   1.4690798761975344e+007      
   2.1613644147967193e+007  -5.2648164847975755e+006  -7.7452627283125166e+006   1.3646506249245837e+007   2.4586764812588785e+007   1.9738602755393881e+007   1.4663374748666473e+007      
   2.1603189202362541e+007  -5.1888565830708751e+006  -7.8129307712140363e+006   1.3641273234321630e+007   2.4560651681117609e+007   1.9769737768882483e+007   1.4635679517640751e+007      
   2.1592447783800952e+007  -5.1129712417240487e+006  -7.8806939658473972e+006   1.3636156165900273e+007   2.4534297495217271e+007   1.9800554126567915e+007   1.4607712745136652e+007      
   2.1581419366870809e+007  -5.0371621216764664e+006  -7.9485508812320847e+006   1.3631154400472213e+007   2.4507703460759178e+007   1.9831051773894679e+007   1.4579474117092302e+007      
   2.1570103435216691e+007  -4.9614308779765852e+006  -8.0165000815059738e+006   1.3626267286133919e+007   2.4480870789452549e+007   1.9861230667971812e+007   1.4550963328592937e+007      
   2.1558499481846798e+007  -4.8857791617461061e+006  -8.0845401242400985e+006   1.3621494162754111e+007   2.4453800699482888e+007   1.9891090776770983e+007   1.4522180084641095e+007      
   2.1546607009095479e+007  -4.8102086195563124e+006  -8.1526695608901167e+006   1.3616834361972546e+007   2.4426494415292501e+007   1.9920632079338025e+007   1.4493124099982649e+007      
   2.1534425528602924e+007  -4.7347208932074569e+006  -8.2208869371155510e+006   1.3612287207218194e+007   2.4398953167441402e+007   1.9949854565872952e+007   1.4463795099039696e+007      
   2.1521954561304711e+007  -4.6593176193422871e+006  -8.2891907930499762e+006   1.3607852013729088e+007   2.4371178192462403e+007   1.9978758237830266e+007   1.4434192815833783e+007      
   2.1509193637355968e+007  -4.5840004289307846e+006  -8.3575796637692712e+006   1.3603528088561770e+007   2.4343170732623547e+007   2.0007343108091690e+007   1.4404316993796587e+007      
   2.1496142296483170e+007  -4.5087709491935000e+006  -8.4260520776208751e+006   1.3599314730740892e+007   2.4314932036600456e+007   2.0035609200205557e+007   1.4374167386570951e+007      
   2.1482800087819681e+007  -4.4336308022507736e+006  -8.4946065573613979e+006   1.3595211231219936e+007   2.4286463358978264e+007   2.0063556548866186e+007   1.4343743757548679e+007      
   2.1469166569644298e+007  -4.3585816036540903e+006  -8.5632416215498764e+006   1.3591216872840244e+007   2.4257765959629595e+007   2.0091185200437676e+007   1.4313045879278615e+007      
   2.1455241309924785e+007  -4.2836249652225096e+006  -8.6319557819443680e+006   1.3587330930528410e+007   2.4228841104780696e+007   2.0118495211859047e+007   1.4282073534682401e+007      
   2.1441023886045296e+007  -4.2087624933087677e+006  -8.7007475451195966e+006   1.3583552671236988e+007   2.4199690066305153e+007   2.0145486651278891e+007   1.4250826516378257e+007      
   2.1426513884719912e+007  -4.1339957881904468e+006  -8.7696154129653741e+006   1.3579881353961403e+007   2.4170314121477660e+007   2.0172159598208841e+007   1.4219304626471413e+007      
   2.1411710902339522e+007  -4.0593264457736858e+006  -8.8385578811650611e+006   1.3576316229861479e+007   2.4140714553585030e+007   2.0198514142907765e+007   1.4187507677312559e+007      
   2.1396614544611145e+007  -3.9847560555809140e+006  -8.9075734411013033e+006   1.3572856542204430e+007   2.4110892651104987e+007   2.0224550387068853e+007   1.4155435490658883e+007      
   2.1381224426965244e+007  -3.9102862025993373e+006  -8.9766605780467782e+006   1.3569501526496176e+007   2.4080849708424844e+007   2.0250268443109922e+007   1.4123087898539837e+007      
   2.1365540174229376e+007  -3.8359184655463994e+006  -9.0458177728458717e+006   1.3566250410440087e+007   2.4050587025104955e+007   2.0275668434777189e+007   1.4090464742538987e+007      
   2.1349561420731306e+007  -3.7616544173012776e+006  -9.1150435014943834e+006   1.3563102414001465e+007   2.4020105906014618e+007   2.0300750496944219e+007   1.4057565873993170e+007      
   2.1333287810694933e+007  -3.6874956265166942e+006  -9.1843362336636353e+006   1.3560056749516753e+007   2.3989407661975563e+007   2.0325514775041513e+007   1.4024391154783994e+007      
   2.1316718997628484e+007  -3.6134436546893022e+006  -9.2536944354221001e+006   1.3557112621610042e+007   2.3958493608511515e+007   2.0349961426016461e+007   1.3990940456044100e+007      
   2.1299854644640435e+007  -3.5395000575426379e+006  -9.3231165679612029e+006   1.3554269227298327e+007   2.3927365066383794e+007   2.0374090617831834e+007   1.3957213658817198e+007      
   2.1282694424799748e+007  -3.4656663863814697e+006  -9.3926010862840936e+006   1.3551525756083235e+007   2.3896023362149686e+007   2.0397902528985530e+007   1.3923210654732035e+007      
   2.1265238020429004e+007  -3.3919441849481310e+006  -9.4621464422396403e+006   1.3548881389873866e+007   2.3864469826786511e+007   2.0421397349516831e+007   1.3888931344584431e+007      
   2.1247485123792019e+007  -3.3183349922268731e+006  -9.5317510818342213e+006   1.3546335303135222e+007   2.3832705796854850e+007   2.0444575280056030e+007   1.3854375639672613e+007      
   2.1229435436534394e+007  -3.2448403399799545e+006  -9.6014134475685023e+006   1.3543886662844494e+007   2.3800732613416117e+007   2.0467436532579653e+007   1.3819543460695609e+007      
   2.1211088670338124e+007  -3.1714617553810487e+006  -9.6711319760137014e+006   1.3541534628622696e+007   2.3768551623115130e+007   2.0489981329565428e+007   1.3784434738997016e+007      
   2.1192444546356369e+007  -3.0982007584539773e+006  -9.7409051001175810e+006   1.3539278352695493e+007   2.3736164177082721e+007   2.0512209904724762e+007   1.3749049415451415e+007      
   2.1173502795505378e+007  -3.0250588633319298e+006  -9.8107312481564414e+006   1.3537116979976393e+007   2.3703571631401166e+007   2.0534122502616614e+007   1.3713387441037782e+007      
   2.1154263158437319e+007  -2.9520375778989801e+006  -9.8806088440203145e+006   1.3535049648101356e+007   2.3670775346939221e+007   2.0555719378706168e+007   1.3677448776731018e+007      
   2.1134725385606505e+007  -2.8791384039554433e+006  -9.9505363070224579e+006   1.3533075487477941e+007   2.3637776689406171e+007   2.0577000799274120e+007   1.3641233393633097e+007      
   2.1114889237026382e+007  -2.8063628362730914e+006  -1.0020512052893456e+007   1.3531193621303331e+007   2.3604577028858632e+007   2.0597967041684758e+007   1.3604741272511579e+007      
   2.1094754482598070e+007  -2.7337123636764926e+006  -1.0090534492710857e+007   1.3529403165640874e+007   2.3571177740183167e+007   2.0618618394014589e+007   1.3567972404388741e+007      
   2.1074320902078580e+007  -2.6611884687466705e+006  -1.0160602033164419e+007   1.3527703229455849e+007   2.3537580202931806e+007   2.0638955155110303e+007   1.3530926790446274e+007      
   2.1053588285059746e+007  -2.5887926278118538e+006  -1.0230713076646544e+007   1.3526092914658116e+007   2.3503785801267248e+007   2.0658977634576872e+007   1.3493604442024976e+007      
   2.1032556430545136e+007  -2.5165263091906458e+006  -1.0300866022880340e+007   1.3524571316111775e+007   2.3469795923130158e+007   2.0678686153209992e+007   1.3456005379790822e+007      
   2.1011225147812109e+007  -2.4443909762368519e+006  -1.0371059266053507e+007   1.3523137521747500e+007   2.3435611961615443e+007   2.0698081042130589e+007   1.3418129635314759e+007      
   2.0989594255548093e+007  -2.3723880842153365e+006  -1.0441291197802259e+007   1.3521790612542601e+007   2.3401235313475240e+007   2.0717162643607002e+007   1.3379977249482933e+007      
   2.0967663582753558e+007  -2.3005190832938105e+006  -1.0511560204358350e+007   1.3520529662626643e+007   2.3366667380504675e+007   2.0735931310207777e+007   1.3341548274124980e+007      
   2.0945432967777997e+007  -2.2287854151928658e+006  -1.0581864669759715e+007   1.3519353739265779e+007   2.3331909567922827e+007   2.0754387405658245e+007   1.3302842770269636e+007      
   2.0922902259101454e+007  -2.1571885157461520e+006  -1.0652202973432355e+007   1.3518261902956262e+007   2.3296963285539385e+007   2.0772531304137357e+007   1.3263860809523156e+007      
   2.0900071314983577e+007  -2.0857298136586798e+006  -1.0722573491406363e+007   1.3517253207449645e+007   2.3261829947139971e+007   2.0790363390564490e+007   1.3224602473448507e+007      
   2.0876940003544405e+007  -2.0144107306914600e+006  -1.0792974596096806e+007   1.3516326699803619e+007   2.3226510970535383e+007   2.0807884060517460e+007   1.3185067853691783e+007      
   2.0853508202785581e+007  -1.9432326815813817e+006  -1.0863404656424407e+007   1.3515481420429371e+007   2.3191007777505089e+007   2.0825093720205374e+007   1.3145257051995896e+007      
   2.0829775800577819e+007  -1.8721970740150567e+006  -1.0933862037859574e+007   1.3514716403138503e+007   2.3155321793732665e+007   2.0841992786456570e+007   1.3105170180194154e+007      
   2.0805742694677722e+007  -1.8013053086219821e+006  -1.1004345102471020e+007   1.3514030675191050e+007   2.3119454448750254e+007   2.0858581686679684e+007   1.3064807360219322e+007      
   2.0781408792819530e+007  -1.7305587790279277e+006  -1.1074852208794180e+007   1.3513423257344894e+007   2.3083407175994050e+007   2.0874860858805250e+007   1.3024168724236209e+007      
   2.0756774012309432e+007  -1.6599588707847670e+006  -1.1145381713006124e+007   1.3512893163894918e+007   2.3047181412158381e+007   2.0890830751509357e+007   1.2983254413986586e+007       