  -5.1620229897819678e+004   2.2119862924780272e+007   2.1434418066629723e+007   1.9588035503430378e+007   7.0524365632476723e+006   1.0480636965121085e+007   6.7102053958264412e+006      
  -1.4564626580322385e+005   2.2126555273503512e+007   2.1449904543116886e+007   1.9551051274142954e+007   7.1404849100567847e+006   1.0395614641986489e+007   6.7998385073152827e+006      
  -2.3966957446318856e+005   2.2132830187205091e+007   2.1464979488253046e+007   1.9513689766250510e+007   7.2283982965769889e+006   1.0310393455959929e+007   6.8893479144499926e+006      
  -3.3368839517077000e+005   2.2138687546209075e+007   2.1479642649176016e+007   1.9475951725452125e+007   7.3161750700263670e+006   1.0224975033542031e+007   6.9787319917014353e+006      
  -4.2770096795483935e+005   2.2144127238588031e+007   2.1493893780990239e+007   1.9437837904654704e+007   7.4038135803836240e+006   1.0139361005008591e+007   7.0679891157829044e+006      
  -5.2170553362487064e+005   2.2149149160163905e+007   2.1507732646755379e+007   1.9399349063975915e+007   7.4913121804285487e+006   1.0053553004461842e+007   7.1571176656433688e+006      
  -6.1570033376180497e+005   2.2153753214504167e+007   2.1521159017485183e+007   1.9360485970727820e+007   7.5786692257286450e+006   9.9675526697998773e+006   7.2461160225451980e+006      
  -7.0968361078738223e+005   2.2157939312935784e+007   2.1534172672159478e+007   1.9321249399386637e+007   7.6658830747460881e+006   9.8813616426150091e+006   7.3349825700423867e+006      
  -8.0365360798570130e+005   2.2161707374533262e+007   2.1546773397726174e+007   1.9281640131586470e+007   7.7529520887609413e+006   9.7949815682677198e+006   7.4237156940081008e+006      
  -8.9760856948965532e+005   2.2165057326131880e+007   2.1558960989087362e+007   1.9241658956102766e+007   7.8398746320065372e+006   9.7084140957441404e+006   7.5123137826797701e+006      
  -9.9154674042402324e+005   2.2167989102322184e+007   2.1570735249124214e+007   1.9201306668812048e+007   7.9266490716452934e+006   9.6216608776819594e+006   7.6007752267123405e+006      
  -1.0854663667847265e+006   2.2170502645453367e+007   2.1582095988672033e+007   1.9160584072712820e+007   8.0132737777886968e+006   9.5347235703676306e+006   7.6890984191050036e+006      
  -1.1793656956041013e+006   2.2172597905635349e+007   2.1593043026546709e+007   1.9119491977870069e+007   8.0997471235531615e+006   9.4476038336316515e+006   7.7772817553396048e+006      
  -1.2732429748773433e+006   2.2174274840738032e+007   2.1603576189520668e+007   1.9078031201433316e+007   8.1860674850616930e+006   9.3603033308834322e+006   7.8653236333275530e+006      
  -1.3670964536765905e+006   2.2175533416394111e+007   2.1613695312343940e+007   1.9036202567582969e+007   8.2722332415166479e+006   9.2728237290312760e+006   7.9532224534692802e+006      
  -1.4609243820778735e+006   2.2176373605998680e+007   2.1623400237730514e+007   1.8994006907543674e+007   8.3582427751617851e+006   9.1851666985192727e+006   8.0409766186644118e+006      
  -1.5547250113442033e+006   2.2176795390710142e+007   2.1632690816366125e+007   1.8951445059545118e+007   8.4440944713728838e+006   9.0973339132001400e+006   8.1285845343479654e+006      
  -1.6484965937958574e+006   2.2176798759451494e+007   2.1641566906907897e+007   1.8908517868809197e+007   8.5297867186573893e+006   9.0093270503685605e+006   8.2160446084937770e+006      
  -1.7422373829286264e+006   2.2176383708909862e+007   2.1650028375979308e+007   1.8865226187538136e+007   8.6153179086926319e+006   8.9211477907157354e+006   8.3033552516704518e+006      
  -1.8359456333875807e+006   2.2175550243537724e+007   2.1658075098173276e+007   1.8821570874898441e+007   8.7006864363064487e+006   8.8327978183182329e+006   8.3905148770083096e+006      
  -1.9296196010853332e+006   2.2174298375552595e+007   2.1665706956051525e+007   1.8777552796993162e+007   8.7858906995805241e+006   8.7442788205691818e+006   8.4775219002916962e+006      
  -2.0232575431608022e+006   2.2172628124937259e+007   2.1672923840146292e+007   1.8733172826831002e+007   8.8709290998481512e+006   8.6555924881526027e+006   8.5643747399651278e+006      
  -2.1168577180010309e+006   2.2170539519440807e+007   2.1679725648957007e+007   1.8688431844341662e+007   8.9558000416993890e+006   8.5667405150355287e+006   8.6510718171081375e+006      
  -2.2104183853226816e+006   2.2168032594574809e+007   2.1686112288949303e+007   1.8643330736315090e+007   9.0405019330523796e+006   8.4777245984169971e+006   8.7376115555407312e+006      
  -2.3039378061916297e+006   2.2165107393617548e+007   2.1692083674556043e+007   1.8597870396410003e+007   9.1250331851654742e+006   8.3885464386636056e+006   8.8239923818070404e+006      
  -2.3974142430393510e+006   2.2161763967609722e+007   2.1697639728176452e+007   1.8552051725116085e+007   9.2093922126553562e+006   8.2992077393391067e+006   8.9102127251887694e+006      
  -2.4908459596857950e+006   2.2158002375355706e+007   2.1702780380171321e+007   1.8505875629746977e+007   9.2935774335453138e+006   8.2097102070838083e+006   8.9962710177639630e+006      
  -2.5842312213294446e+006   2.2153822683422573e+007   2.1707505568861593e+007   1.8459343024438091e+007   9.3775872692327686e+006   8.1200555517506152e+006   9.0821656943536215e+006      
  -2.6775682946702354e+006   2.2149224966140170e+007   2.1711815240531277e+007   1.8412454830086567e+007   9.4614201446013544e+006   8.0302454861840261e+006   9.1678951926598027e+006      
  -2.7708554478669092e+006   2.2144209305597998e+007   2.1715709349421121e+007   1.8365211974363815e+007   9.5450744879848063e+006   7.9402817263036314e+006   9.2534579531717468e+006      
  -2.8640909505856163e+006   2.2138775791645803e+007   2.1719187857728187e+007   1.8317615391680229e+007   9.6285487312315833e+006   7.8501659910025252e+006   9.3388524193007275e+006      
  -2.9572730740279309e+006   2.2132924521889277e+007   2.1722250735606451e+007   1.8269666023165900e+007   9.7118413097200077e+006   7.7599000021682121e+006   9.4240770373220276e+006      
  -3.0504000909844288e+006   2.2126655601695362e+007   2.1724897961159468e+007   1.8221364816649400e+007   9.7949506623856500e+006   7.6694854846275337e+006   9.5091302564379442e+006      
  -3.1434702758088289e+006   2.2119969144182786e+007   2.1727129520441521e+007   1.8172712726656705e+007   9.8778752317290232e+006   7.5789241661206456e+006   9.5940105287759192e+006      
  -3.2364819044832098e+006   2.2112865270226490e+007   2.1728945407452900e+007   1.8123710714364141e+007   9.9606134638760109e+006   7.4882177772660339e+006   9.6787163094314784e+006      
  -3.3294332546303570e+006   2.2105344108453266e+007   2.1730345624139864e+007   1.8074359747601256e+007   1.0043163808574907e+007   7.3973680515245143e+006   9.7632460564826708e+006      
  -3.4223226055596550e+006   2.2097405795240037e+007   2.1731330180389978e+007   1.8024660800806351e+007   1.0125524719247082e+007   7.3063767251619296e+006   9.8475982310257275e+006      
  -3.5151482383094337e+006   2.2089050474710081e+007   2.1731899094029497e+007   1.7974614855018016e+007   1.0207694653013317e+007   7.2152455372323599e+006   9.9317712971962430e+006      
  -3.6079084356504665e+006   2.2080278298734635e+007   2.1732052390820246e+007   1.7924222897845536e+007   1.0289672070721162e+007   7.1239762294857036e+006   1.0015763722192779e+007      
  -3.7006014821045939e+006   2.2071089426924717e+007   2.1731790104456179e+007   1.7873485923465446e+007   1.0371455436952194e+007   7.0325705464333743e+006   1.0099573976297801e+007      
  -3.7932256640592986e+006   2.2061484026633866e+007   2.1731112276559487e+007   1.7822404932560351e+007   1.0453043220101990e+007   6.9410302352209510e+006   1.0183200532929357e+007      
  -3.8857792696208670e+006   2.2051462272954229e+007   2.1730018956677496e+007   1.7770980932355925e+007   1.0534433892321669e+007   6.8493570456347428e+006   1.0266641868594097e+007      
  -3.9782605888040299e+006   2.2041024348711465e+007   2.1728510202278562e+007   1.7719214936554283e+007   1.0615625929612380e+007   6.7575527301067179e+006   1.0349896462983256e+007      
  -4.0706679134949269e+006   2.2030170444467526e+007   2.1726586078748688e+007   1.7667107965337031e+007   1.0696617811816670e+007   6.6656190436352417e+006   1.0432962798940687e+007      
  -4.1629995374759664e+006   2.2018900758510251e+007   2.1724246659386650e+007   1.7614661045335151e+007   1.0777408022664109e+007   6.5735577437444767e+006   1.0515839362532923e+007      
  -4.2552537564798305e+006   2.2007215496861111e+007   2.1721492025400754e+007   1.7561875209599037e+007   1.0857995049783165e+007   6.4813705904698139e+006   1.0598524643022735e+007      
  -4.3474288681193646e+006   2.1995114873258531e+007   2.1718322265904270e+007   1.7508751497602414e+007   1.0938377384714887e+007   6.3890593463683082e+006   1.0681017132936923e+007      
  -4.4395231721187187e+006   2.1982599109168217e+007   2.1714737477910675e+007   1.7455290955186050e+007   1.1018553522998441e+007   6.2966257763962001e+006   1.0763315328067001e+007      
  -4.5315349701420544e+006   2.1969668433762696e+007   2.1710737766327914e+007   1.7401494634555392e+007   1.1098521964137008e+007   6.2040716479370352e+006   1.0845417727513395e+007      
  -4.6234625658888314e+006   2.1956323083937652e+007   2.1706323243957605e+007   1.7347363594249740e+007   1.1178281211641239e+007   6.1113987307353327e+006   1.0927322833688533e+007      
  -4.7153042651754124e+006   2.1942563304297101e+007   2.1701494031485293e+007   1.7292898899153735e+007   1.1257829773047846e+007   6.0186087969115470e+006   1.1009029152309641e+007      
  -4.8070583758597868e+006   2.1928389347144812e+007   2.1696250257479221e+007   1.7238101620419923e+007   1.1337166159963164e+007   5.9257036208755784e+006   1.1090535192488801e+007      
  -4.8987232079595486e+006   2.1913801472495623e+007   2.1690592058382377e+007   1.7182972835479777e+007   1.1416288888087122e+007   5.8326849793251120e+006   1.1171839466716954e+007      
  -4.9902970736242374e+006   2.1898799948055703e+007   2.1684519578509681e+007   1.7127513628014646e+007   1.1495196477230983e+007   5.7395546511851242e+006   1.1252940490906641e+007      
  -5.0817782872017249e+006   2.1883385049230017e+007   2.1678032970038716e+007   1.7071725087935325e+007   1.1573887451342024e+007   5.6463144176054848e+006   1.1333836784387471e+007      
  -5.1731651652287226e+006   2.1867557059108038e+007   2.1671132393011320e+007   1.7015608311361086e+007   1.1652360338514715e+007   5.5529660619159285e+006   1.1414526869932517e+007      
  -5.2644560264928276e+006   2.1851316268470068e+007   2.1663818015318003e+007   1.6959164400572136e+007   1.1730613671074757e+007   5.4595113695478402e+006   1.1495009273828283e+007      
  -5.3556491919986689e+006   2.1834662975767732e+007   2.1656090012700822e+007   1.6902394464038890e+007   1.1808645985516544e+007   5.3659521280774791e+006   1.1575282525827177e+007      
  -5.4467429851120813e+006   2.1817597487139873e+007   2.1647948568740614e+007   1.6845299616319321e+007   1.1886455822618438e+007   5.2722901271283515e+006   1.1655345159245236e+007      
  -5.5377357314762501e+006   2.1800120116379999e+007   2.1639393874854192e+007   1.6787880978110489e+007   1.1964041727426853e+007   5.1785271583560808e+006   1.1735195710942214e+007      
  -5.6286257590360465e+006   2.1782231184967451e+007   2.1630426130290497e+007   1.6730139676204653e+007   1.2041402249223480e+007   5.0846650154595971e+006   1.1814832721305318e+007      
  -5.7194113981568525e+006   2.1763931022029106e+007   2.1621045542122342e+007   1.6672076843444342e+007   1.2118535941652307e+007   4.9907054941056762e+006   1.1894254734337071e+007      
  -5.8100909815357467e+006   2.1745219964356024e+007   2.1611252325236801e+007   1.6613693618734283e+007   1.2195441362670902e+007   4.8966503918721704e+006   1.1973460297657751e+007      
  -5.9006628443442928e+006   2.1726098356383201e+007   2.1601046702329151e+007   1.6554991146964669e+007   1.2272117074635459e+007   4.8025015082384711e+006   1.2052447962532660e+007      
  -5.9911253242032249e+006   2.1706566550186139e+007   2.1590428903899580e+007   1.6495970579033004e+007   1.2348561644273566e+007   4.7082606445574798e+006   1.2131216283897188e+007      
  -6.0814767611659626e+006   2.1686624905494977e+007   2.1579399168242566e+007   1.6436633071807357e+007   1.2424773642734887e+007   4.6139296040626876e+006   1.2209763820345385e+007      
  -6.1717154978185315e+006   2.1666273789658010e+007   2.1567957741443463e+007   1.6376979788102325e+007   1.2500751645594077e+007   4.5195101917119101e+006   1.2288089134189738e+007      
  -6.2618398792383755e+006   2.1645513577662766e+007   2.1556104877366006e+007   1.6317011896641178e+007   1.2576494232915049e+007   4.4250042142411610e+006   1.2366190791481491e+007      
  -6.3518482531031948e+006   2.1624344652101282e+007   2.1543840837651215e+007   1.6256730572040541e+007   1.2651999989256207e+007   4.3304134801365426e+006   1.2444067362035934e+007      
  -6.4417389696279401e+006   2.1602767403196003e+007   2.1531165891701117e+007   1.6196136994803037e+007   1.2727267503671085e+007   4.2357397995753856e+006   1.2521717419414600e+007      
  -6.5315103816636577e+006   2.1580782228775762e+007   2.1518080316679120e+007   1.6135232351262912e+007   1.2802295369765811e+007   4.1409849843869261e+006   1.2599139541003063e+007      
  -6.6211608447227739e+006   2.1558389534262240e+007   2.1504584397494346e+007   1.6074017833564939e+007   1.2877082185732165e+007   4.0461508479954419e+006   1.2676332308025092e+007      
  -6.7106887168684779e+006   2.1535589732679848e+007   2.1490678426807083e+007   1.6012494639680298e+007   1.2951626554302642e+007   3.9512392054712600e+006   1.2753294305498330e+007      
  -6.8000923589440072e+006   2.1512383244637124e+007   2.1476362705001220e+007   1.5950663973318402e+007   1.3025927082869768e+007   3.8562518733886476e+006   1.2830024122359870e+007      
   