   1.5536818874522811e+007  -1.3138674362227418e+007   1.4391878892536636e+007   1.1286491332892258e+007  -5.4754737310194727e+006  -1.5461679181374898e+007   2.1271976178530235e+007      
   1.5544355104089219e+007  -1.3168864027964581e+007   1.4342227091465652e+007   1.1361757583368501e+007  -5.4557952799633406e+006  -1.5471413489013009e+007   2.1259022855691396e+007      
   1.5551691597698163e+007  -1.3199206195598008e+007   1.4292653363277745e+007   1.1436894536969271e+007  -5.4359518247920526e+006  -1.5481094737434577e+007   2.1245878349827211e+007      
   1.5558829495223897e+007  -1.3229700286898470e+007   1.4243159001158731e+007   1.1511900555456350e+007  -5.4159424819311658e+006  -1.5490721407678442e+007   2.1232543989678841e+007      
   1.5565769942440698e+007  -1.3260345713766236e+007   1.4193745291379614e+007   1.1586774004660591e+007  -5.3957663746402366e+006  -1.5500291980174778e+007   2.1219021108494233e+007      
   1.5572514090967225e+007  -1.3291141878248896e+007   1.4144413513289947e+007   1.1661513254505392e+007  -5.3754226330545405e+006  -1.5509804934806332e+007   2.1205311043975744e+007      
   1.5579063098206716e+007  -1.3322088172525020e+007   1.4095164939280175e+007   1.1736116679069018e+007  -5.3549103942392683e+006  -1.5519258750979211e+007   2.1191415138214704e+007      
   1.5585418127292879e+007  -1.3353183979003584e+007   1.4046000834695999e+007   1.1810582656672908e+007  -5.3342288022151198e+006  -1.5528651907701362e+007   2.1177334737640992e+007      
   1.5591580347031793e+007  -1.3384428670254020e+007   1.3996922457784731e+007   1.1884909569922825e+007  -5.3133770080266222e+006  -1.5537982883641910e+007   2.1163071192965113e+007      
   1.5597550931841772e+007  -1.3415821609112853e+007   1.3947931059705742e+007   1.1959095805770174e+007  -5.2923541697605383e+006  -1.5547250157214003e+007   2.1148625859117147e+007      
   1.5603331061702967e+007  -1.3447362148655226e+007   1.3899027884388514e+007   1.2033139755616065e+007  -5.2711594526009876e+006  -1.5556452206639435e+007   2.1134000095184002e+007      
   1.5608921922089908e+007  -1.3479049632232752e+007   1.3850214168588968e+007   1.2107039815301785e+007  -5.2497920288744839e+006  -1.5565587510016475e+007   2.1119195264367383e+007      
   1.5614324703922026e+007  -1.3510883393509511e+007   1.3801491141734835e+007   1.2180794385239948e+007  -5.2282510780857243e+006  -1.5574654545398578e+007   2.1104212733906832e+007      
   1.5619540603499200e+007  -1.3542862756462367e+007   1.3752860025984483e+007   1.2254401870410670e+007  -5.2065357869661264e+006  -1.5583651790858243e+007   2.1089053875034228e+007      
   1.5624570822448315e+007  -1.3574987035433428e+007   1.3704322036089340e+007   1.2327860680486908e+007  -5.1846453495046403e+006  -1.5592577724562962e+007   2.1073720062909417e+007      
   1.5629416567659147e+007  -1.3607255535138609e+007   1.3655878379410783e+007   1.2401169229839308e+007  -5.1625789670058712e+006  -1.5601430824839203e+007   2.1058212676563978e+007      
   1.5634079051233845e+007  -1.3639667550683480e+007   1.3607530255838716e+007   1.2474325937634174e+007  -5.1403358481154311e+006  -1.5610209570253057e+007   2.1042533098840501e+007      
   1.5638559490419647e+007  -1.3672222367626892e+007   1.3559278857745804e+007   1.2547329227883896e+007  -5.1179152088681357e+006  -1.5618912439674556e+007   2.1026682716337319e+007      
   1.5642859107554646e+007  -1.3704919261972720e+007   1.3511125369968161e+007   1.2620177529496115e+007  -5.0953162727256818e+006  -1.5627537912349999e+007   2.1010662919343896e+007      
   1.5646979130005989e+007  -1.3737757500194095e+007   1.3463070969743900e+007   1.2692869276329936e+007  -5.0725382706296667e+006  -1.5636084467970971e+007   2.0994475101792105e+007      
   1.5650920790114567e+007  -1.3770736339293471e+007   1.3415116826669950e+007   1.2765402907271180e+007  -5.0495804410215961e+006  -1.5644550586748898e+007   2.0978120661184713e+007      
   1.5654685325132301e+007  -1.3803855026806993e+007   1.3367264102642719e+007   1.2837776866311334e+007  -5.0264420298903091e+006  -1.5652934749485338e+007   2.0961600998538934e+007      
   1.5658273977162369e+007  -1.3837112800822787e+007   1.3319513951829161e+007   1.2909989602550650e+007  -5.0031222908173045e+006  -1.5661235437640652e+007   2.0944917518336508e+007      
   1.5661687993101567e+007  -1.3870508890066709e+007   1.3271867520624937e+007   1.2982039570325164e+007  -4.9796204850039985e+006  -1.5669451133406751e+007   2.0928071628448546e+007      
   1.5664928624579819e+007  -1.3904042513855588e+007   1.3224325947596250e+007   1.3053925229220219e+007  -4.9559358813144099e+006  -1.5677580319780916e+007   2.0911064740083367e+007      
   1.5667997127899546e+007  -1.3937712882183947e+007   1.3176890363430353e+007   1.3125645044158395e+007  -4.9320677563158497e+006  -1.5685621480630985e+007   2.0893898267728705e+007      
   1.5670894763975222e+007  -1.3971519195727024e+007   1.3129561890919974e+007   1.3197197485437771e+007  -4.9080153943111720e+006  -1.5693573100774186e+007   2.0876573629084922e+007      
   1.5673622798271973e+007  -1.4005460645875700e+007   1.3082341644925436e+007   1.3268581028763615e+007  -4.8837780873934813e+006  -1.5701433666032972e+007   2.0859092245020423e+007      
   1.5676182500748001e+007  -1.4039536414761212e+007   1.3035230732289087e+007   1.3339794155368680e+007  -4.8593551354591781e+006  -1.5709201663322669e+007   2.0841455539488465e+007      
   1.5678575145791631e+007  -1.4073745675303077e+007   1.2988230251836659e+007   1.3410835352020660e+007  -4.8347458462631535e+006  -1.5716875580712017e+007   2.0823664939490885e+007      
   1.5680802012161246e+007  -1.4108087591227170e+007   1.2941341294324245e+007   1.3481703111103177e+007  -4.8099495354446266e+006  -1.5724453907499865e+007   2.0805721874994826e+007      
   1.5682864382924415e+007  -1.4142561317116218e+007   1.2894564942357441e+007   1.3552395930671446e+007  -4.7849655265667392e+006  -1.5731935134281330e+007   2.0787627778889187e+007      
   1.5684763545397267e+007  -1.4177165998402681e+007   1.2847902270418361e+007   1.3622912314510254e+007  -4.7597931511524618e+006  -1.5739317753020439e+007   2.0769384086915899e+007      
   1.5686500791082337e+007  -1.4211900771448605e+007   1.2801354344777150e+007   1.3693250772162708e+007  -4.7344317487262050e+006  -1.5746600257120203e+007   2.0750992237614691e+007      
   1.5688077415608035e+007  -1.4246764763544280e+007   1.2754922223495489e+007   1.3763409819025518e+007  -4.7088806668388108e+006  -1.5753781141493445e+007   2.0732453672258243e+007      
   1.5689494718666999e+007  -1.4281757092957087e+007   1.2708606956331810e+007   1.3833387976371201e+007  -4.6831392611117689e+006  -1.5760858902633656e+007   2.0713769834793441e+007      
   1.5690754003954997e+007  -1.4316876868964087e+007   1.2662409584735885e+007   1.3903183771437971e+007  -4.6572068952643378e+006  -1.5767832038685763e+007   2.0694942171777640e+007      
   1.5691856579109257e+007  -1.4352123191893695e+007   1.2616331141806323e+007   1.3972795737467455e+007  -4.6310829411479933e+006  -1.5774699049515367e+007   2.0675972132318243e+007      
   1.5692803755646491e+007  -1.4387495153143793e+007   1.2570372652244123e+007   1.4042222413771868e+007  -4.6047667787798299e+006  -1.5781458436783705e+007   2.0656861168011505e+007      
   1.5693596848900940e+007  -1.4422991835241329e+007   1.2524535132319218e+007   1.4111462345764754e+007  -4.5782577963822493e+006  -1.5788108704010343e+007   2.0637610732881770e+007      
   1.5694237177963080e+007  -1.4458612311855907e+007   1.2478819589815879e+007   1.4180514085070105e+007  -4.5515553903990211e+006  -1.5794648356650600e+007   2.0618222283313863e+007      
   1.5694726065616192e+007  -1.4494355647842009e+007   1.2433227024040019e+007   1.4249376189497346e+007  -4.5246589655553764e+006  -1.5801075902162720e+007   2.0598697278007708e+007      
   1.5695064838275574e+007  -1.4530220899283549e+007   1.2387758425742164e+007   1.4318047223157085e+007  -4.4975679348685518e+006  -1.5807389850075288e+007   2.0579037177900359e+007      
   1.5695254825925630e+007  -1.4566207113511086e+007   1.2342414777105695e+007   1.4386525756481830e+007  -4.4702817196913082e+006  -1.5813588712060705e+007   2.0559243446117274e+007      
   1.5695297362057682e+007  -1.4602313329164619e+007   1.2297197051686779e+007   1.4454810366291199e+007  -4.4427997497372841e+006  -1.5819671002005519e+007   2.0539317547899745e+007      
   1.5695193783607502e+007  -1.4638538576195756e+007   1.2252106214403221e+007   1.4522899635855777e+007  -4.4151214631173592e+006  -1.5825635236079069e+007   2.0519260950555217e+007      
   1.5694945430892970e+007  -1.4674881875948908e+007   1.2207143221489398e+007   1.4590792154916961e+007  -4.3872463063748786e+006  -1.5831479932800524e+007   2.0499075123384841e+007      
   1.5694553647551110e+007  -1.4711342241157223e+007   1.2162309020457506e+007   1.4658486519783948e+007  -4.3591737344960989e+006  -1.5837203613114432e+007   2.0478761537627149e+007      
   1.5694019780475713e+007  -1.4747918676031552e+007   1.2117604550052933e+007   1.4725981333360741e+007  -4.3309032109609842e+006  -1.5842804800456312e+007   2.0458321666391097e+007      
   1.5693345179754566e+007  -1.4784610176241413e+007   1.2073030740264855e+007   1.4793275205209181e+007  -4.3024342077673888e+006  -1.5848282020824410e+007   2.0437756984598950e+007      
   1.5692531198606174e+007  -1.4821415728987530e+007   1.2028588512236567e+007   1.4860366751559129e+007  -4.2737662054632138e+006  -1.5853633802846136e+007   2.0417068968932204e+007      
   1.5691579193317600e+007  -1.4858334313053172e+007   1.1984278778273322e+007   1.4927254595428484e+007  -4.2448986931695389e+006  -1.5858858677850768e+007   2.0396259097752757e+007      
   1.5690490523180662e+007  -1.4895364898804024e+007   1.1940102441783037e+007   1.4993937366632745e+007  -4.2158311686098995e+006  -1.5863955179936767e+007   2.0375328851050608e+007      
   1.5689266550429426e+007  -1.4932506448269740e+007   1.1896060397265013e+007   1.5060413701843984e+007  -4.1865631381417429e+006  -1.5868921846042465e+007   2.0354279710376691e+007      
   1.5687908640176574e+007  -1.4969757915155075e+007   1.1852153530249849e+007   1.5126682244638920e+007  -4.1570941167849516e+006  -1.5873757216013545e+007   2.0333113158787806e+007      
   1.5686418160350600e+007  -1.5007118244905600e+007   1.1808382717317807e+007   1.5192741645547368e+007  -4.1274236282551447e+006  -1.5878459832672540e+007   2.0311830680783719e+007      
   1.5684796481632050e+007  -1.5044586374723395e+007   1.1764748826001301e+007   1.5258590562131017e+007  -4.0975512049690159e+006  -1.5883028241890017e+007   2.0290433762232453e+007      
   1.5683044977391256e+007  -1.5082161233643919e+007   1.1721252714811619e+007   1.5324227658972157e+007  -4.0674763881046157e+006  -1.5887460992649345e+007   2.0268923890326552e+007      
   1.5681165023622619e+007  -1.5119841742530866e+007   1.1677895233167771e+007   1.5389651607815448e+007  -4.0371987275938233e+006  -1.5891756637118584e+007   2.0247302553500865e+007      
   1.5679157998883268e+007  -1.5157626814181045e+007   1.1634677221387574e+007   1.5454861087530183e+007  -4.0067177821640596e+006  -1.5895913730717866e+007   2.0225571241381399e+007      
   1.5677025284229729e+007  -1.5195515353287844e+007   1.1591599510669056e+007   1.5519854784183644e+007  -3.9760331193873435e+006  -1.5899930832185995e+007   2.0203731444733772e+007      
   1.5674768263152283e+007  -1.5233506256557312e+007   1.1548662923050042e+007   1.5584631391113829e+007  -3.9451443156657452e+006  -1.5903806503650572e+007   2.0181784655383095e+007      
   1.5672388321514059e+007  -1.5271598412704904e+007   1.1505868271366090e+007   1.5649189608937984e+007  -3.9140509562860029e+006  -1.5907539310697071e+007   2.0159732366156928e+007      
   1.5669886847484555e+007  -1.5309790702530783e+007   1.1463216359227257e+007   1.5713528145659456e+007  -3.8827526354199843e+006  -1.5911127822435694e+007   2.0137576070821557e+007      
   1.5667265231476903e+007  -1.5348081998958990e+007   1.1420707981005426e+007   1.5777645716664489e+007  -3.8512489561701119e+006  -1.5914570611569073e+007   2.0115317264018588e+007      
   1.5664524866085585e+007  -1.5386471167043954e+007   1.1378343921791630e+007   1.5841541044784000e+007  -3.8195395305831200e+006  -1.5917866254458588e+007   2.0092957441212125e+007      
   1.5661667146020377e+007  -1.5424957064075815e+007   1.1336124957383560e+007   1.5905212860340670e+007  -3.7876239796827277e+006  -1.5921013331196414e+007   2.0070498098615717e+007      
   1.5658693468044583e+007  -1.5463538539573746e+007   1.1294051854239391e+007   1.5968659901210237e+007  -3.7555019334765160e+006  -1.5924010425669555e+007   2.0047940733130284e+007      
   1.5655605230908468e+007  -1.5502214435385678e+007   1.1252125369474744e+007   1.6031880912857961e+007  -3.7231730309865354e+006  -1.5926856125627130e+007   2.0025286842280582e+007      
   1.5652403835288245e+007  -1.5540983585674845e+007   1.1210346250806775e+007   1.6094874648366954e+007  -3.6906369202823052e+006  -1.5929549022748411e+007   2.0002537924164299e+007      
   1.5649090683719652e+007  -1.5579844816999618e+007   1.1168715236557066e+007   1.6157639868515344e+007  -3.6578932584887622e+006  -1.5932087712709852e+007   1.9979695477373343e+007      
   1.5645667180533741e+007  -1.5618796948372381e+007   1.1127233055601493e+007   1.6220175341817390e+007  -3.6249417118040090e+006  -1.5934470795252487e+007   1.9956761000933260e+007      
   1.5642134731798206e+007  -1.5657838791277448e+007   1.1085900427387532e+007   1.6282479844527131e+007  -3.5917819555510739e+006  -1.5936696874246391e+007   1.9933735994260512e+007      
   1.5638494745245496e+007  -1.5696969149739524e+007   1.1044718061850922e+007   1.6344552160747830e+007  -3.5584136741570821e+006  -1.5938764557759957e+007   1.9910621957069024e+007      
