   1.5536818827975281e+007  -1.3138674196801666e+007   1.4391879103849309e+007   1.1286490932412311e+007  -5.4754738711421406e+006  -1.5461679111150397e+007   2.1271976246919598e+007      
   1.5544355058627784e+007  -1.3168863861068619e+007   1.4342227303238770e+007   1.1361757182578454e+007  -5.4557954215126047e+006  -1.5471413418964982e+007   2.1259022925273277e+007      
   1.5551691553322673e+007  -1.3199206027228247e+007   1.4292653575506303e+007   1.1436894135883532e+007  -5.4359519677764010e+006  -1.5481094667576034e+007   2.1245878420599751e+007      
   1.5558829451934731e+007  -1.3229700117052244e+007   1.4243159213826545e+007   1.1511900154088657e+007  -5.4159426263622632e+006  -1.5490721338024817e+007   2.1232544061639808e+007      
   1.5565769900237303e+007  -1.3260345542435074e+007   1.4193745504492505e+007   1.1586773603005672e+007  -5.3957665205307323e+006  -1.5500291910736693e+007   2.1219021181644738e+007      
   1.5572514049847623e+007  -1.3291141705415759e+007   1.4144413726859493e+007   1.1661512852547787e+007  -5.3754227804221427e+006  -1.5509804865594363e+007   2.1205311118315212e+007      
   1.5579063058168450e+007  -1.3322087998181036e+007   1.4095165153312545e+007   1.1736116276794937e+007  -5.3549105430986658e+006  -1.5519258682004789e+007   2.1191415213746909e+007      
   1.5585418088333635e+007  -1.3353183803120269e+007   1.4046001049204051e+007   1.1810582254058857e+007  -5.3342289525892893e+006  -1.5528651838972788e+007   2.1177334814371288e+007      
   1.5591580309148932e+007  -1.3384428492826032e+007   1.3996922672788611e+007   1.1884909166943919e+007  -5.3133771599327382e+006  -1.5537982815170951e+007   2.1163071270896543e+007      
   1.5597550895014320e+007  -1.3415821430011027e+007   1.3947931275370372e+007   1.1959095402167113e+007  -5.2923543232877618e+006  -1.5547250088980021e+007   2.1148625938302625e+007      
   1.5603331025965577e+007  -1.3447361968065124e+007   1.3899028100425296e+007   1.2033139351832129e+007  -5.2711596076367330e+006  -1.5556452138710372e+007   2.1134000175536525e+007      
   1.5608921887420733e+007  -1.3479049450029949e+007   1.3850214385168340e+007   1.2107039411066199e+007  -5.2497921855110573e+006  -1.5565587442371916e+007   2.1119195345940012e+007      
   1.5614324670300560e+007  -1.3510883209559964e+007   1.3801491359046968e+007   1.2180793980268108e+007  -5.2282512364188889e+006  -1.5574654478017680e+007   2.1104212816757984e+007      
   1.5619540570940638e+007  -1.3542862570849428e+007   1.3752860243892265e+007   1.2254401464910584e+007  -5.2065359469496282e+006  -1.5583651723779587e+007   2.1089053959124424e+007      
   1.5624570790933525e+007  -1.3574986848025061e+007   1.3704322254781492e+007   1.2327860274173433e+007  -5.1846455112403603e+006  -1.5592577657764968e+007   2.1073720148297310e+007      
   1.5629416537187828e+007  -1.3607255345903311e+007   1.3655878598907631e+007   1.2401168822679725e+007  -5.1625791305187745e+006  -1.5601430758333605e+007   2.1058212763261564e+007      
   1.5634079021819439e+007  -1.3639667359705817e+007   1.3607530475999186e+007   1.2474325529832816e+007  -5.1403360133612622e+006  -1.5610209504079107e+007   2.1042533186807059e+007      
   1.5638559462046480e+007  -1.3672222174769733e+007   1.3559279078754503e+007   1.2547328819162805e+007  -5.1179153759476263e+006  -1.5618912373813141e+007   2.1026682805632986e+007      
   1.5642859080235925e+007  -1.3704919067315232e+007   1.3511125591692377e+007   1.2620177120061345e+007  -5.0953164415943371e+006  -1.5627537846840091e+007   2.1010663009928212e+007      
   1.5646979103742337e+007  -1.3737757303722609e+007   1.3463071192186903e+007   1.2692868866170926e+007  -5.0725384413056774e+006  -1.5636084402826248e+007   2.0994475193668883e+007      
   1.5650920764881525e+007  -1.3770736140782524e+007   1.3415117050143860e+007   1.2765402495919099e+007  -5.0495806136717284e+006  -1.5644550521928815e+007   2.0978120754462395e+007      
   1.5654685300956892e+007  -1.3803854826459294e+007   1.3367264326826863e+007   1.2837776454240944e+007  -5.0264422043816270e+006  -1.5652934685061119e+007   2.0961601093114547e+007      
   1.5658273954046439e+007  -1.3837112598648826e+007   1.3319514176707661e+007   1.2909989189791145e+007  -5.0031224671569234e+006  -1.5661235373629518e+007   2.0944917614207141e+007      
   1.5661687971025189e+007  -1.3870508685842123e+007   1.3271867746487532e+007   1.2982039156435842e+007  -4.9796206633530017e+006  -1.5669451069775281e+007   2.0928071725717850e+007      
   1.5664928603557335e+007  -1.3904042307695696e+007   1.3224326174256479e+007   1.3053924814473404e+007  -4.9559360616041478e+006  -1.5677580256575469e+007   2.0911064838692684e+007      
   1.5667997107943334e+007  -1.3937712674203947e+007   1.3176890590720715e+007   1.3125644628815237e+007  -4.9320679384770300e+006  -1.5685621417898418e+007   2.0893898367617346e+007      
   1.5670894745085917e+007  -1.3971518985928364e+007   1.3129562118823418e+007   1.3197197069523776e+007  -4.9080155783522939e+006  -1.5693573038529795e+007   2.0876573730248749e+007      
   1.5673622780433547e+007  -1.4005460434040815e+007   1.3082341873714462e+007   1.3268580611858293e+007  -4.8837782734737992e+006  -1.5701433604247617e+007   2.0859092347564518e+007      
   1.5676182483971382e+007  -1.4039536201015944e+007   1.3035230961787717e+007   1.3339793737742407e+007  -4.8593553235046761e+006  -1.5709201602042839e+007   2.0841455643348917e+007      
   1.5678575130086333e+007  -1.4073745459766647e+007   1.2988230481853843e+007   1.3410834933954692e+007  -4.8347460361938812e+006  -1.5716875519984256e+007   2.0823665044597708e+007      
   1.5680801997527624e+007  -1.4108087373923035e+007   1.2941341524819026e+007   1.3481702692650873e+007  -4.8099497272599693e+006  -1.5724453847345132e+007   2.0805721981338359e+007      
   1.5682864369356479e+007  -1.4142561097934751e+007   1.2894565173460957e+007   1.3552395511650661e+007  -4.7849657203481281e+006  -1.5731935074695870e+007   2.0787627886516485e+007      
   1.5684763532889448e+007  -1.4177165777252320e+007   1.2847902502242692e+007   1.3622911894734416e+007  -4.7597933469830742e+006  -1.5739317694001703e+007   2.0769384195877068e+007      
   1.5686500779646900e+007  -1.4211900548572887e+007   1.2801354576995781e+007   1.3693250352150872e+007  -4.7344319464376746e+006  -1.5746600198738454e+007   2.0750992347776659e+007      
   1.5688077405244507e+007  -1.4246764538959675e+007   1.2754922456057975e+007   1.3763409398833869e+007  -4.7088808664257359e+006  -1.5753781083770644e+007   2.0732453783605412e+007      
   1.5689494709365491e+007  -1.4281756866463561e+007   1.2708607189491492e+007   1.3833387555614419e+007  -4.6831394627332082e+006  -1.5760858845546804e+007   2.0713769947430551e+007      
   1.5690753995723743e+007  -1.4316876640817866e+007   1.2662409818146452e+007   1.3903183350643096e+007  -4.6572070987396762e+006  -1.5767831982303739e+007   2.0694942285562355e+007      
   1.5691856571946405e+007  -1.4352122962123545e+007   1.2616331375420028e+007   1.3972795316704413e+007  -4.6310831464650379e+006  -1.5774698993861591e+007   2.0675972247229911e+007      
   1.5692803749546628e+007  -1.4387494921660116e+007   1.2570372886161372e+007   1.4042221992883615e+007  -4.6047669860136779e+006  -1.5781458381857529e+007   2.0656861284094576e+007      
   1.5693596843864396e+007  -1.4422991602184415e+007   1.2524535366344057e+007   1.4111461925044512e+007  -4.5782580054350132e+006  -1.5788108649855867e+007   2.0637610850051846e+007      
   1.5694237173984146e+007  -1.4458612077131569e+007   1.2478819824082557e+007   1.4180513664327977e+007  -4.5515556013573445e+006  -1.5794648303266667e+007   2.0618222401624672e+007      
   1.5694726062693343e+007  -1.4494355411577715e+007   1.2433227258365816e+007   1.4249375768999958e+007  -4.5246591783291539e+006  -1.5801075849589597e+007   2.0598697397380654e+007      
   1.5695064836403621e+007  -1.4530220661366176e+007   1.2387758660259210e+007   1.4318046802703978e+007  -4.4975681495494060e+006  -1.5807389798310360e+007   2.0579037298390016e+007      
   1.5695254825101020e+007  -1.4566206873945851e+007   1.2342415011794750e+007   1.4386525336092481e+007  -4.4702819362850608e+006  -1.5813588661122778e+007   2.0559243567717966e+007      
   1.5695297362276573e+007  -1.4602313088177599e+007   1.2297197286256267e+007   1.4454809946421519e+007  -4.4427999680754784e+006  -1.5819670951950800e+007   2.0539317670477293e+007      
   1.5695193784865409e+007  -1.4638538333556345e+007   1.2252106449143669e+007   1.4522899216055367e+007  -4.4151216833940186e+006  -1.5825635186883498e+007   2.0519261074237280e+007      
   1.5694945433186106e+007  -1.4674881631644841e+007   1.2207143456398996e+007   1.4590791735189959e+007  -4.3872465286018988e+006  -1.5831479884480655e+007   2.0499075248170979e+007      
   1.5694553650872838e+007  -1.4711341995416010e+007   1.2162309255248085e+007   1.4658486100552447e+007  -4.3591739585122783e+006  -1.5837203565722564e+007   2.0478761663386524e+007      
   1.5694019784824636e+007  -1.4747918428590167e+007   1.2117604785046695e+007   1.4725980914165489e+007  -4.3309034369747946e+006  -1.5842804753969999e+007   2.0458321793262973e+007      
   1.5693345185124807e+007  -1.4784609927196957e+007   1.2073030975327540e+007   1.4793274786224358e+007  -4.3024344357154099e+006  -1.5848281975275327e+007   2.0437757112527713e+007      
   1.5692531204996752e+007  -1.4821415478199663e+007   1.2028588747537961e+007   1.4860366332545161e+007  -4.2737664354662905e+006  -1.5853633758230798e+007   2.0417069097990952e+007      
   1.5691579200718913e+007  -1.4858334060732750e+007   1.1984279013547827e+007   1.4927254176782224e+007  -4.2448989250693750e+006  -1.5858858634217335e+007   2.0396259227816395e+007      
   1.5690490531592146e+007  -1.4895364644795071e+007   1.1940102677201843e+007   1.4993936948091345e+007  -4.2158314025338497e+006  -1.5863955137282336e+007   2.0375328982197076e+007      
   1.5689266559848022e+007  -1.4932506192545790e+007   1.1896060632856466e+007   1.5060413283360733e+007  -4.1865633741255905e+006  -1.5868921804380735e+007   2.0354279842621163e+007      
   1.5687908650599256e+007  -1.4969757657685388e+007   1.1852153766054891e+007   1.5126681826167965e+007  -4.1570943548671352e+006  -1.5873757175358856e+007   2.0333113292146880e+007      
   1.5686418171774734e+007  -1.5007117985648399e+007   1.1808382953352984e+007   1.5192741227046350e+007  -4.1274238684683582e+006  -1.5878459793040510e+007   2.0311830815269701e+007      
   1.5684796494061045e+007  -1.5044586113531051e+007   1.1764749062445268e+007   1.5258590143328376e+007  -4.0975514474549070e+006  -1.5883028203280011e+007   2.0290433897932336e+007      
   1.5683044990817536e+007  -1.5082160970590688e+007   1.1721252951552790e+007   1.5324227240048114e+007  -4.0674766328012049e+006  -1.5887460955091871e+007   2.0268924027184643e+007      
   1.5681165038038252e+007  -1.5119841477705050e+007   1.1677895470100857e+007   1.5389651188920399e+007  -4.0371989744460862e+006  -1.5891756600642808e+007   2.0247302691464931e+007      
   1.5679158014287271e+007  -1.5157626547535360e+007   1.1634677458558701e+007   1.5454860668602044e+007  -4.0067180312233511e+006  -1.5895913695338052e+007   2.0225571380475484e+007      
   1.5677025300633630e+007  -1.5195515084542764e+007   1.1591599748389903e+007   1.5519854364752270e+007  -3.9760333708911939e+006  -1.5899930797892157e+007   2.0203731585114665e+007      
   1.5674768280541155e+007  -1.5233505985925386e+007   1.1548663161064366e+007   1.5584630971554391e+007  -3.9451445694544362e+006  -1.5903806470486484e+007   2.0181784796923123e+007      
   1.5672388339893159e+007  -1.5271598140038628e+007   1.1505868509827828e+007   1.5649189189016618e+007  -3.9140512124925228e+006  -1.5907539278668137e+007   2.0159732508941479e+007      
   1.5669886866835903e+007  -1.5309790428051703e+007   1.1463216597884370e+007   1.5713527725763783e+007  -3.8827528938776851e+006  -1.5911127791584093e+007   2.0137576214715526e+007      
   1.5667265251815066e+007  -1.5348081722382287e+007   1.1420708220144955e+007   1.5777645296351688e+007  -3.8512492171136001e+006  -1.5914570581890531e+007   2.0115317409177832e+007      
   1.5664524887399465e+007  -1.5386470888489913e+007   1.1378344161288556e+007   1.5841540624252729e+007  -3.8195397939390559e+006  -1.5917866225985579e+007   2.0092957587568820e+007      
   1.5661667168307520e+007  -1.5424956783532713e+007   1.1336125197240179e+007   1.5905212439594528e+007  -3.7876242454682495e+006  -1.5921013303949550e+007   2.0070498246170912e+007      
   1.5658693491301136e+007  -1.5463538257044747e+007   1.1294052094445877e+007   1.5968659480254842e+007  -3.7555022017080178e+006  -1.5924010399669638e+007   2.0047940881882969e+007      
   1.5655605255130270e+007  -1.5502214150855491e+007   1.1252125610017510e+007   1.6031880491708361e+007  -3.7231733016799921e+006  -1.5926856100896003e+007   2.0025286992228497e+007      
   1.5652403860470735e+007  -1.5540983299151001e+007   1.1210346491672818e+007   1.6094874227048688e+007  -3.6906371934458436e+006  -1.5929548999308111e+007   2.0002538075298265e+007      
   1.5649090709857706e+007  -1.5579844528506413e+007   1.1168715477722093e+007   1.6157639447066030e+007  -3.6578935341251697e+006  -1.5932087690583467e+007   1.9979695629682060e+007      
   1.5645667207622934e+007  -1.5618796657907868e+007   1.1127233297052301e+007   1.6220174920260739e+007  -3.6249419899211433e+006  -1.5934470774461921e+007   1.9956761154408965e+007      
   1.5642134759843223e+007  -1.5657838498741008e+007   1.1085900669216976e+007   1.6282479422714232e+007  -3.5917822362482995e+006  -1.5936696854808100e+007   1.9933736148958169e+007      
   1.5638494774216093e+007  -1.5696968855402570e+007   1.1044718303762488e+007   1.6344551739125529e+007  -3.5584139572144719e+006  -1.5938764539710697e+007   1.9910622112824097e+007       