  -5.1619656764920073e+004   2.2119862886869777e+007   2.1434417999897487e+007   1.9588035699046031e+007   7.0524359331806563e+006   1.0480637576128038e+007   6.7102049187317565e+006	     
  -1.4564569097652534e+005   2.2126555237750687e+007   2.1449904477890950e+007   1.9551051472257223e+007   7.1404842798362030e+006   1.0395615256182102e+007   6.7998380296930866e+006	     
  -2.3966899794782643e+005   2.2132830153627940e+007   2.1464979424546696e+007   1.9513689966868278e+007   7.2283976662270725e+006   1.0310394073341785e+007   6.8893474363112235e+006	     
  -3.3368781698008912e+005   2.2138687514825739e+007   2.1479642587005861e+007   1.9475951928578522e+007   7.3161744395572972e+006   1.0224975654086994e+007   6.9787315130588086e+006	     
  -4.2770038809063646e+005   2.2144127209415600e+007   2.1493893720366396e+007   1.9437838110304527e+007   7.4038129498011572e+006   1.0139361628737072e+007   7.0679886366270622e+006	     
  -5.2170495206954650e+005   2.2149149133218303e+007   2.1507732587686650e+007   1.9399349272169497e+007   7.4913115497174533e+006   1.0053553631395733e+007   7.1571171859758422e+006	     
  -6.1569975048942678e+005   2.2153753189803027e+007   2.1521158959982295e+007   1.9360486181485094e+007   7.5786685948871737e+006   9.9675532999549769e+006   7.2461155423405385e+006	     
  -7.0968302577324701e+005   2.2157939290494446e+007   2.1534172616231710e+007   1.9321249612733066e+007   7.6658824437379856e+006   9.8813622760371678e+006   7.3349820892659863e+006	     
  -8.0365302119764138e+005   2.2161707354370698e+007   2.1546773343381431e+007   1.9281640347548902e+007   7.7529514575759005e+006   9.7949822049726937e+006   7.4237152126413798e+006	     
  -8.9760798059977172e+005   2.2165057308254767e+007   2.1558960936298773e+007   1.9241659174835682e+007   7.8398740003385432e+006   9.7084147360531520e+006   7.5123133004012089e+006	     
  -9.9154614999159332e+005   2.2167989086769406e+007   2.1570735197976414e+007   1.9201306890089847e+007   7.9266484400199698e+006   9.6216615210869685e+006   7.6007747440542085e+006	     
  -1.0854657744619919e+006   2.2170502632233575e+007   2.1582095939137902e+007   1.9160584296697669e+007   8.0132731458901046e+006   9.5347242171922848e+006   7.6890979357481776e+006	     
  -1.1793651010310221e+006   2.2172597894761503e+007   2.1593042978599072e+007   1.9119492204736996e+007   8.0997464910610216e+006   9.4476044842138663e+006   7.7772812709463891e+006	     
  -1.2732423783098029e+006   2.2174274832238227e+007   2.1603576143206697e+007   1.9078031431083847e+007   8.1860668522276515e+006   9.3603039849928897e+006   7.8653231481385166e+006	     
  -1.3670958547476986e+006   2.2175533410285871e+007   2.1613695267641075e+007   1.9036202800197307e+007   8.2722326080051074e+006   9.2728243870241884e+006   7.9532219671566980e+006	     
  -1.4609237807512577e+006   2.2176373602306519e+007   2.1623400194654051e+007   1.8994007143161476e+007   8.3582421409459738e+006   9.1851673604328148e+006   8.0409761311757769e+006	     
  -1.5547244078624775e+006   2.2176795389460344e+007   2.1632690774962433e+007   1.8951445298068214e+007   8.4440938366933819e+006   9.0973345787966605e+006   8.1285840459252289e+006	     
  -1.6484959878106874e+006   2.2176798760668240e+007   2.1641566867161512e+007   1.8908518110420965e+007   8.5297860831964482e+006   9.0093277199977525e+006   8.2160441188169653e+006	     
  -1.7422367746919158e+006   2.2176383712618284e+007   2.1650028337933984e+007   1.8865226432138249e+007   8.6153172726898361e+006   8.9211484641427305e+006   8.3033547609761907e+006	     
  -1.8359450228940099e+006   2.2175550249762669e+007   2.1658075061847497e+007   1.8821571122513708e+007   8.7006857997609936e+006   8.8327984955646284e+006   8.3905143852880131e+006	     
  -1.9296189877193563e+006   2.2174298384328585e+007   2.1665706921416208e+007   1.8777553047930393e+007   8.7858900619435143e+006   8.7442795022286009e+006   8.4775214069834426e+006	     
  -2.0232569275332389e+006   2.2172628136282798e+007   2.1672923807273183e+007   1.8733173080824602e+007   8.8709284616833143e+006   8.6555931736520771e+006   8.5643742456321083e+006	     
  -2.1168571001414759e+006   2.2170539533379912e+007   2.1679725617867906e+007   1.8688432101394698e+007   8.9557994030476548e+006   8.5667412043638658e+006   8.6510713217769563e+006	     
  -2.2104177646550494e+006   2.2168032611149989e+007   2.1686112259626169e+007   1.8643330996725988e+007   9.0405012934019044e+006   8.4777252921163812e+006   8.7376110586928893e+006	     
  -2.3039371830650577e+006   2.2165107412847616e+007   2.1692083647046197e+007   1.8597870660032742e+007   9.1250325448355936e+006   8.3885471364173898e+006   8.8239918837611750e+006	     
  -2.3974136178023345e+006   2.2161763989509135e+007   2.1697639702520590e+007   1.8552051991806839e+007   9.2093915719591919e+006   8.2992084408140779e+006   8.9102122262632996e+006	     
  -2.4908453323621424e+006   2.2158002399947938e+007   2.1702780356390398e+007   1.8505875899509948e+007   9.2935767925167698e+006   8.2097109122929443e+006   8.9962705179873817e+006	     
  -2.5842305913600568e+006   2.2153822710759167e+007   2.1707505546948653e+007   1.8459343297569420e+007   9.3775866273850910e+006   8.1200562612187760e+006   9.0821651932197697e+006	     
  -2.6775676624039379e+006   2.2149224996231850e+007   2.1711815220525701e+007   1.8412455106433798e+007   9.4614195022594426e+006   8.0302461995789940e+006   9.1678946904961020e+006	     
  -2.7708548136717742e+006   2.2144209338451918e+007   2.1715709331359185e+007   1.8365212253762186e+007   9.5450738454847448e+006   7.9402824432799341e+006   9.2534574503241591e+006	     
  -2.8640903145179083e+006   2.2138775827280525e+007   2.1719187841630958e+007   1.8317615674113479e+007   9.6285480886346847e+006   7.8501667115076669e+006   9.3388519158190303e+006	     
  -2.9572724358636965e+006   2.2132924560345836e+007   2.1722250721483637e+007   1.8269666308777459e+007   9.7118406668139473e+006   7.7599007264491841e+006   9.4240765329887085e+006	     
  -3.0503994504616051e+006   2.2126655643015020e+007   2.1724897949025460e+007   1.8221365105589703e+007   9.7949500189593192e+006   7.6694862129290840e+006   9.5091297510280069e+006	     
  -3.1434696335955444e+006   2.2119969188343421e+007   2.1727129510333017e+007   1.8172713018589780e+007   9.8778745883960873e+006   7.5789248977882238e+006   9.5940100229124483e+006	     
  -3.2364812606741930e+006   2.2112865317245193e+007   2.1728945399388611e+007   1.8123711009268630e+007   9.9606128207081705e+006   7.4882185122301765e+006   9.6787158031850141e+006	     
  -3.3294326087010689e+006   2.2105344158394229e+007   2.1730345618129548e+007   1.8074360045767773e+007   1.0043163165117161e+007   7.3973687902954994e+006   9.7632455493798591e+006	     
  -3.4223219582095207e+006   2.2097405848068405e+007   2.1731330176460523e+007   1.8024661101880908e+007   1.0125524076131962e+007   7.3063774670684775e+006   9.8475977237088662e+006	     
  -3.5151475896406570e+006   2.2089050530437596e+007   2.1731899092196364e+007   1.7974615158966232e+007   1.0207694010328138e+007   7.2152462821788779e+006   9.9317707897518910e+006	     
  -3.6079077854475840e+006   2.2080278357402097e+007   2.1732052391098004e+007   1.7924223204797376e+007   1.0289671428280558e+007   7.1239769777001943e+006   1.0015763214420257e+007	     
  -3.7006008307632827e+006   2.2071089488515042e+007   2.1731790106859293e+007   1.7873486233222850e+007   1.0371454795107963e+007   7.0325712975373743e+006   1.0099573468560684e+007	     
  -3.7932250113049862e+006   2.2061484091189887e+007   2.1731112281103697e+007   1.7822405245278470e+007   1.0453042578634709e+007   6.9410309894558555e+006   1.0183200024988072e+007	     
  -3.8857786158242822e+006   2.2051462340458486e+007   2.1730018963373389e+007   1.7770981247851625e+007   1.0534433251551118e+007   6.8493578026605966e+006   1.0266641360778781e+007	     
  -3.9782599337003794e+006   2.2041024419213694e+007   2.1728510211143777e+007   1.7719215254992783e+007   1.0615625289307497e+007   6.7575534901946736e+006   1.0349895955053799e+007	     
  -4.0706672570938482e+006   2.2030170517984755e+007   2.1726586089797642e+007   1.7667108286719907e+007   1.0696617172006814e+007   6.6656198067535702e+006   1.0432962290915148e+007	     
  -4.1629988803976239e+006   2.2018900834989231e+007   2.1724246672618076e+007   1.7614661369327068e+007   1.0777407383888187e+007   6.5735585092894090e+006   1.0515838854961371e+007	     
  -4.2552530981062846e+006   2.2007215576391216e+007   2.1721492040843707e+007   1.7561875536560934e+007   1.0857994411514478e+007   6.4813713590536714e+006   1.0598524135365864e+007	     
  -4.3474282084760787e+006   2.1995114955862537e+007   2.1718322283574197e+007   1.7508751827547893e+007   1.0938376746964989e+007   6.3890601179970531e+006   1.0681016625191040e+007	     
  -4.4395225117676333e+006   2.1982599194785729e+007   2.1714737497798964e+007   1.7455291287797328e+007   1.1018552886270860e+007   6.2966265504942304e+006   1.0763314820754714e+007	     
  -4.5315343084417721e+006   2.1969668522502277e+007   2.1710737788475450e+007   1.7401494970211383e+007   1.1098521327880614e+007   6.2040724251396758e+006   1.0845417220063511e+007	     
  -4.6234619031173512e+006   2.1956323175783120e+007   2.1706323268367354e+007   1.7347363932827830e+007   1.1178280576078920e+007   6.1113995107985595e+006   1.0927322326317536e+007	     
  -4.7153036009661453e+006   2.1942563399319310e+007   2.1701494058191061e+007   1.7292899240865134e+007   1.1257829137887983e+007   6.0186095801922856e+006   1.1009028644722417e+007	     
  -4.8070577107637385e+006   2.1928389445282299e+007   2.1696250286466356e+007   1.7238101964957744e+007   1.1337165525686173e+007   5.9257044068303965e+006   1.1090534685170740e+007	     
  -4.8987225416171607e+006   2.1913801573826928e+007   2.1690592089686785e+007   1.7182973183076330e+007   1.1416288254386244e+007   5.8326857683128845e+006   1.1171838959356168e+007	     
  -4.9902964059633408e+006   2.1898800052611150e+007   2.1684519612152118e+007   1.7127513978727322e+007   1.1495195844054293e+007   5.7395554432817260e+006   1.1252939983439757e+007	     
  -5.0817776181653282e+006   2.1883385157042503e+007   2.1678033006042957e+007   1.7071725441822175e+007   1.1573886818632457e+007   5.6463152128820419e+006   1.1333836276747527e+007	     
  -5.1731644947503619e+006   2.1867557170216132e+007   2.1671132431398630e+007   1.7015608668478485e+007   1.1652359706232520e+007   5.5529668604272837e+006   1.1414526362070268e+007	     
  -5.2644553541924236e+006   2.1851316382960014e+007   2.1663818056138407e+007   1.6959164761175144e+007   1.1730613038897518e+007   5.4595121716937181e+006   1.1495008765416026e+007	     
  -5.3556485181270344e+006   2.1834663093630657e+007   2.1656090055956986e+007   1.6902394827996697e+007   1.1808645353657544e+007   5.3659529336313829e+006   1.1575282017075406e+007	     
  -5.4467423098860662e+006   2.1817597608358376e+007   2.1647948614433333e+007   1.6845299983523395e+007   1.1886455191267544e+007   5.2722909358724337e+006   1.1655344650346935e+007	     
  -5.5377350547626689e+006   2.1800120240997475e+007   2.1639393923012063e+007   1.6787881348637044e+007   1.1964041096499505e+007   5.1785279703961229e+006   1.1735195201806860e+007	     
  -5.6286250802052692e+006   2.1782231313139487e+007   2.1630426181000482e+007   1.6730140050495848e+007   1.2041401618170740e+007   5.0846658314917581e+006   1.1814832211362345e+007	     
  -5.7194107177176019e+006   2.1763931153679952e+007   2.1621045595354311e+007   1.6672077221192855e+007   1.2118535310929056e+007   4.9907063135813354e+006   1.1894254224054370e+007	     
  -5.8100902991656326e+006   2.1745220099582441e+007   2.1611252381048996e+007   1.6613694000177409e+007   1.2195440731998792e+007   4.8966512151662121e+006   1.1973459786730694e+007	     
  -5.9006621605862780e+006   2.1726098495099671e+007   2.1601046760685697e+007   1.6554991531776192e+007   1.2272116444475202e+007   4.8025023347924799e+006   1.2052447451446382e+007	     
  -5.9911246384277912e+006   2.1706566692561593e+007   2.1590428964894459e+007   1.6495970967645485e+007   1.2348561014104515e+007   4.7082614750416288e+006   1.2131215772100536e+007	     
  -6.0814760736511899e+006   2.1686625051494069e+007   2.1579399231869727e+007   1.6436633464066233e+007   1.2424773012788145e+007   4.6139304381693704e+006   1.2209763308082227e+007	     
  -6.1717148085381109e+006   2.1666273939312480e+007   2.1567957807728384e+007   1.6376980184032133e+007   1.2500751015880616e+007   4.5195110294562075e+006   1.2288088621459521e+007	     
  -6.2618391882094089e+006   2.1645513730996653e+007   2.1556104946331110e+007   1.6317012296264861e+007   1.2576493603447618e+007   4.4250050556393936e+006   1.2366190278290790e+007	     
  -6.3518475603488861e+006   2.1624344809148800e+007   2.1543840909317814e+007   1.6256730975372275e+007   1.2651999360048939e+007   4.3304143251774777e+006   1.2444066848395742e+007	     
  -6.4417382751775868e+006   2.1602767563979022e+007   2.1531165966090623e+007   1.6196137401846951e+007   1.2727266874756228e+007   4.2357406482425816e+006   1.2521716905359164e+007	     
  -6.5315096855571875e+006   2.1580782393306464e+007   2.1518080393809244e+007   1.6135232762011118e+007   1.2802294741187589e+007   4.1409858366274764e+006   1.2599139026573315e+007	     
  -6.6211601469771955e+006   2.1558389702567406e+007   2.1504584477386009e+007   1.6074018248022698e+007   1.2877081557522537e+007   4.0461517037988296e+006   1.2676331793249330e+007	     
  -6.7106880172699271e+006   2.1535589904844474e+007   2.1490678509517390e+007   1.6012495058023913e+007   1.2951625926288545e+007   3.9512400650723963e+006   1.2753293790195480e+007	     
  -6.8000916581422668e+006   2.1512383420526702e+007   2.1476362790453222e+007   1.5950664395132452e+007   1.3025926455591250e+007   3.8562527361167963e+006   1.2830023607078856e+007	     