   23376100.967   24950391.736   24015030.802   20554020.354   21829095.292   22682264.224   23349401.147      
   23397247.777   24937067.081   24026103.394   20561834.389   21814126.092   22692762.573   23335971.256      
   23418426.147   24923819.319   24037270.196   20569709.558   21799216.038   22703351.552   23322601.614      
   23439634.087   24910649.373   24048530.650   20577646.347   21784365.903   22714030.589   23309291.690      
   23460871.579   24897557.333   24059884.297   20585644.245   21769575.536   22724799.911   23296042.545      
   23482138.049   24884542.318   24071329.711   20593703.214   21754845.415   22735657.998   23282854.259      
   23503434.347   24871607.908   24082867.632   20601823.365   21740175.763   22746605.238   23269727.758      
   23524759.154   24858752.589   24094498.646   20610004.643   21725567.040   22757641.099   23256663.864      
   23546111.556   24845976.209   24106220.250   20618247.015   21711019.687   22768765.032   23243662.272      
   23567522.010   24833310.263   24118062.874   20626579.830   21696562.648   22780005.997   23230754.422      
   23588900.683   24820665.373   24129937.547   20634914.743   21682108.858   22791275.789   23217850.681      
   23610336.884   24808131.218   24141932.682   20643339.959   21667746.152   22802662.123   23205041.021      
   23631828.740   24795708.343   24154046.231   20651855.072   21653474.664   22814163.650   23192325.755      
   23653318.529   24783337.648   24166221.593   20660401.869   21639236.087   22825721.868   23179646.899      
   23674863.480   24771078.401   24178515.821   20669038.744   21625089.858   22837395.173   23167062.631      
   23696435.633   24758902.096   24190899.328   20677736.140   21611006.074   22849153.474   23154545.591      
   23718003.391   24746780.384   24203341.868   20686464.704   21596956.477   22860966.504   23142065.648      
   23739625.291   24734772.169   24215902.140   20695283.347   21582999.889   22872893.934   23129682.147      
   23761243.874   24722818.447   24228522.366   20704133.211   21569077.654   22884875.867   23117337.819      
   23782887.494   24710949.815   24241229.469   20713043.341   21555219.338   22896940.790   23105062.013      
   23804613.520   24699223.989   24254083.638   20722072.754   21541483.869   22909147.665   23092913.358      
   23826304.812   24687525.998   24266966.252   20731103.904   21527754.664   22921378.144   23080775.988      
   23848020.354   24675914.654   24279935.190   20740195.724   21514089.977   22933691.307   23068709.931      
   23869819.134   24664448.361   24293050.109   20749406.551   21500549.395   22946144.760   23056772.277      
   23891611.474   24653040.335   24306221.501   20758648.615   21487044.963   22958649.987   23044876.442      
   23913396.367   24641690.051   24319450.215   20767922.111   21473577.802   22971206.637   23033023.695      
   23935204.305   24630428.637   24332764.478   20777255.846   21460176.458   22983844.718   23021243.074      
   23957094.801   24619314.870   24346222.532   20786709.162   21446900.290   22996621.463   23009595.034      
   23978978.826   24608260.372   24359737.034   20796194.066   21433661.709   23009448.687   22997990.421      
   24000854.783   24597267.540   24373306.035   20805710.114   21420461.023   23022326.648   22986431.121      
   24022753.038   24586363.153   24386960.226   20815286.409   21407327.885   23035282.797   22974946.529      
   24044701.058   24575579.622   24400728.104   20824952.729   21394291.912   23048347.045   22963566.161      
   24066700.683   24564916.252   24414607.849   20834708.921   21381353.044   23061518.894   22952291.102      
   24088663.121   24554284.891   24428513.460   20844466.795   21368423.777   23074709.270   22941033.254      
   24110644.209   24543746.808   24442502.053   20854285.114   21355562.910   23087976.974   22929852.170      
   24132705.346   24533359.136   24456631.357   20864222.752   21342829.773   23101379.808   22918807.508      
   24154728.862   24523006.060   24470784.770   20874162.384   21330106.843   23114800.753   22907781.546      
   24176771.225   24512745.588   24485020.483   20884162.808   21317453.585   23128297.897   22896833.869      
   24198862.279   24502609.494   24499366.684   20894252.255   21304899.204   23141899.383   22885995.320      
   24220943.091   24492537.100   24513764.244   20904373.004   21292385.286   23155546.714   22875205.372      
   24243071.907   24482587.293   24528273.229   20914583.210   21279970.605   23169297.849   22864525.461      
   24265189.148   24472703.666   24542831.641   20924823.921   21267596.483   23183092.268   22853895.440      
   24287353.839   24462944.359   24557499.149   20935153.792   21255321.880   23196989.902   22843374.494      
   24309537.089   24453280.105   24572245.525   20945543.252   21243117.368   23210959.865   22832935.169      
   24331677.966   24443653.103   24587013.388   20955933.840   21230924.561   23224943.329   22822517.566      
   24353893.864   24434179.571   24601917.511   20966442.633   21218861.228   23239056.141   22812240.778      
   24376126.717   24424802.078   24616898.972   20977010.571   21206868.803   23253240.371   22802045.792      
   24398316.637   24415463.711   24631898.743   20987579.949   21194888.820   23267436.454   22791874.699      
   24420581.016   24406280.301   24647035.077   20998266.350   21183038.657   23281760.844   22781845.073      
   24442830.651   24397164.967   24662218.340   21008983.147   21171230.771   23296125.142   22771869.340      
   24465124.682   24388176.562   24677506.926   21019788.029   21159523.749   23310587.976   22762006.216      
   24487374.776   24379226.067   24692812.875   21030593.565   21147829.935   23325060.523   22752168.800      
   24509668.344   24370405.493   24708222.892   21041487.576   21136237.605   23339629.781   22742444.994      
   24531977.436   24361681.626   24723708.351   21052440.465   21124717.375   23354266.556   22732806.198      
   24554298.930   24353056.963   24739268.602   21063452.111   21113269.727   23368970.274   22723253.400      
   24576633.886   24344532.781   24754902.042   21074522.879   21101894.673   23383739.864   22713786.689      
   24599011.660   24336136.487   24770638.557   21085681.923   21090622.126   23398605.332   22704435.516      
   24621372.870   24327811.888   24786419.615   21096870.667   21079393.401   23413507.035   22695142.145      
   24643716.284   24319559.361   24802243.949   21108088.757   21068208.986   23428444.196   22685906.484      
   24666075.612   24311406.427   24818141.300   21119365.752   21057098.429   23443445.731   22676759.001      
   24688503.140   24303413.704   24834168.727   21130760.033   21046120.387   23458569.838   22667757.717      
   24710884.153   24295463.201   24850209.858   21142154.439   21035157.554   23473698.792   22658786.747      
   24733305.106   24287643.481   24866350.564   21153636.714   21024298.085   23488920.345   22649934.833      
   24755679.019   24279867.750   24882504.395   21165118.810   21013454.601   23504144.720   22641113.025      
   24778121.082   24272253.736   24898786.172   21176717.951   21002743.879   23519489.440   22632439.377      
   24800543.998   24264711.965   24915108.912   21188345.883   20992078.740   23534865.995   22623826.418      
   24822977.705   24257272.413   24931501.536   21200031.944   20981488.180   23550303.094   22615304.099      
   24845421.113   24249935.922   24947961.318   21211776.291   20970972.504   23565800.259   22606872.841      
   24867872.125   24242703.898   24964490.049   21223577.825   20960531.690   23581356.371   22598532.241      
   24890332.832   24235574.851   24981086.768   21235437.641   20950166.199   23596972.227   22590283.231      
   24912801.793   24228547.656   24997750.293   21247354.469   20939875.756   23612644.994   22582125.817      
   24935277.892   24221627.311   25014481.186   21259329.239   20929660.461   23628376.563   22574060.340      
   24957791.616   24214838.380   25031306.696   21271390.316   20919549.529   23644193.406   22566116.097      
   24980253.661   24208095.254   25048139.131   21283450.033   20909455.522   23660008.147   22558206.286       