   23321280.26646   24900984.73545   23976784.05846   20506206.65148   21764785.33547   22617555.08647   23301562.18346      
   23342263.98346   24887472.61845   23987713.49746   20513901.91648   21749702.39247   22627868.32347   23288013.69346      
   23363278.71246   24874037.26445   23998736.59646   20521658.58348   21734679.51447   22638272.06847   23274525.34746      
   23384323.23946   24860679.86545   24009854.82746   20529477.05448   21719716.03347   22648767.92147   23261096.79846      
   23405396.43546   24847398.77045   24021063.72046   20537354.53248   21704811.33548   22659351.51347   23247726.86546      
   23426495.85746   24834190.60445   24032360.77846   20545289.73348   21689963.73048   22670021.17147   23234416.72147      
   23447621.54846   24821061.34845   24043747.71246   20553282.94248   21675174.81347   22680777.92047   23221164.54946      
   23468772.30246   24808003.82545   24055223.85946   20561332.91948   21660441.47048   22691618.10147   23207970.22346      
   23489946.47646   24795024.60145   24066785.35546   20569439.41848   21645766.78547   22702544.31347   23194835.03647      
   23511146.20546   24782119.76345   24078435.99446   20577603.32348   21631149.07147   22713553.81747   23181759.63146      
   23532366.57246   24769289.95045   24090170.10746   20585821.50848   21616587.35047   22724644.47947   23168741.08447      
   23553610.05046   24756536.28045   24101991.73146   20594095.48948   21602082.27947   22735817.73047   23155782.84046      
   23574873.54546   24743857.03145   24113894.97746   20602422.96248   21587633.34847   22747070.93947   23142883.15847      
   23596158.32546   24731254.58045   24125883.61746   20610805.74048   21573241.70448   22758404.29447   23130042.98547      
   23617461.93346   24718727.66345   24137954.39546   20619241.91048   21558905.55547   22769815.78646   23117262.41647      
   23638788.05646   24706276.18245   24150108.79546   20627732.68148   21544627.11447   22781308.23646   23104542.13147      
   23660131.82946   24693903.98846   24162346.57946   20636277.83448   21530406.12547   22792879.49547   23091882.21346      
   23681495.11446   24681608.51945   24174665.81946   20644876.92748   21516242.87047   22804529.11047   23079284.28547      
   23702878.00146   24669390.57846   24187067.83445   20653530.68648   21502137.15447   22816256.94247   23066748.27247      
   23724284.16546   24657255.06145   24199554.19546   20662241.46748   21488093.31247   22828065.24247   23054278.31047      
   23745712.35746   24645202.05745   24212127.08646   20671011.37448   21474112.34647   22839954.90247   23041875.75447      
   23767163.17246   24633233.33945   24224786.54746   20679839.84048   21460195.09447   22851926.09947   23029541.02247      
   23788639.78546   24621355.10745   24237533.34846   20688730.60348   21446344.69147   22863980.74646   23017278.72547      
   23810142.94146   24609562.57445   24250369.39346   20697683.28848   21432561.97547   22876120.57946   23005089.24547      
   23831671.87446   24597860.56145   24263294.97146   20706699.03548   21418847.16347   22888343.89746   22992972.92047      
   23853225.53646   24586248.08345   24276307.54846   20715776.84048   21405200.89647   22900651.82346   22980931.16347      
   23874803.20146   24574725.64445   24289406.91546   20724916.06248   21391622.05047   22913039.41346   22968962.85047      
   23896408.21046   24563294.06245   24302596.10646   20734119.78448   21378114.18248   22925512.58946   22957072.40147      
   23918038.94746   24551956.04645   24315873.10546   20743386.96848   21364676.52447   22938069.18046   22945257.86847      
   23939695.71446   24540711.82146   24329239.06745   20752718.76448   21351310.78747   22950710.57546   22933523.27347      
   23961378.82446   24529562.73545   24342696.09546   20762115.55748   21338017.19748   22963434.82546   22921866.97347      
   23983088.69546   24518506.42245   24356239.58846   20771577.15848   21324795.81847   22976241.98646   22910290.27047      
   24004823.42946   24507547.16945   24369871.20846   20781102.64848   21311646.55248   22989131.88846   22898793.29947      
   24026584.09046   24496683.64545   24383589.61246   20790693.96548   21298571.26848   23002104.80946   22887377.73947      
   24048371.16046   24485917.90845   24397398.82746   20800350.95348   21285570.21747   23015161.24546   22876044.81547      
   24070186.10246   24475251.47045   24411297.56646   20810075.69548   21272645.31648   23028301.60946   22864796.28247      
   24092029.68346   24464685.66846   24425285.72646   20819868.18248   21259797.57148   23041525.80846   22853633.16047      
   24113900.60546   24454219.83646   24439363.64446   20829728.58548   21247027.16548   23054834.83746   22842556.00947      
   24135797.91646   24443855.57646   24453530.53446   20839655.74648   21234333.40248   23068224.92446   22831564.93047      
   24157721.94245   24433590.58246   24467785.32746   20849650.32648   21221716.84848   23081697.29246   22820659.84547      
   24179665.89846   24423424.23246   24482123.32046   20859707.76048   21209173.49948   23095248.87146   22809837.50947      
   24201632.86245   24413356.01946   24496544.90446   20869828.58148   21196704.13248   23108876.22246   22799099.04847      
   24223620.10845   24403383.48546   24511047.65346   20880010.45148   21184306.85948   23122579.30846   22788442.21147      
   24245625.38945   24393507.16546   24525631.18546   20890252.49048   21171981.00448   23136356.94646   22777867.33447      
   24267647.25445   24383724.12246   24540292.37046   20900553.79848   21159724.97848   23150206.14346   22767372.30947      
   24289682.49445   24374036.80846   24555030.18646   20910912.07148   21147537.91648   23164123.92846   22756958.00847      
   24311735.67745   24364442.26046   24569843.76146   20921328.01448   21135421.08748   23178111.64346   22746623.44947      
   24333799.32546   24354942.62746   24584731.57946   20931799.51048   21123371.27648   23192166.26446   22736368.29247      
   24355873.29345   24345532.74446   24599689.40846   20942325.00848   21111387.51248   23206286.43046   22726190.53947      
   24377958.18546   24336214.45646   24614719.26446   20952902.10148   21099469.14948   23220469.24846   22716088.74947      
   24400050.05045   24326988.42946   24629818.13846   20963533.11548   21087616.70248   23234715.04346   22706065.40547      
   24422150.42945   24317851.35346   24644986.25546   20974216.01048   21075829.87048   23249022.21746   22696119.58747      
   24444257.49345   24308805.79446   24660221.72046   20984949.95848   21064107.75248   23263390.37446   22686251.27247      
   24466371.41145   24299850.15546   24675524.79946   20995734.30348   21052449.74348   23277817.74846   22676459.17147      
   24488490.52545   24290985.93246   24690892.17146   21006568.95148   21040855.67248   23292304.24546   22666743.81247      
   24510614.92345   24282211.79446   24706327.16346   21017454.66348   21029327.46048   23306850.36946   22657107.17647      
   24532743.01945   24273529.81446   24721826.14546   21028389.15348   21017862.42447   23321452.96646   22647547.49347      
   24554877.54245   24264937.11346   24737390.30246   21039375.46148   21006463.37148   23336112.67146   22638067.09747      
   24577013.97345   24256437.22446   24753017.27046   21050409.33848   20995128.26448   23350827.78946   22628664.08647      
   24599151.46145   24248025.23946   24768705.40946   21061491.16348   20983854.95648   23365596.14146   22619337.10747      
   24621293.07645   24239706.78046   24784456.13245   21072622.64148   20972647.92748   23380419.39446   22610089.78447      
   24643436.70745   24231480.68946   24800271.55146   21083803.48248   20961506.50048   23395299.11446   22600923.44647      
   24665586.49045   24223350.19145   24816151.69246   21095036.93848   20950433.39548   23410234.61046   22591839.39047      
   24687741.29345   24215315.52546   24832095.50946   21106321.61748   20939427.72648   23425225.31146   22582838.40547      
   24709899.83845   24207375.19845   24848104.08046   21117658.57548   20928491.10448   23440271.38046   22573920.49647      
   24732064.98645   24199534.99846   24864177.39646   21129049.33448   20917624.60348   23455377.65246   22565088.79247      
   24754236.40045   24191793.84145   24880317.46446   21140495.88148   20906831.34648   23470542.02046   22556345.34047      
   24776417.29645   24184156.01746   24896524.09945   21151998.62348   20896111.82748   23485763.87446   22547691.35747      
   24798606.17045   24176618.60445   24912799.91345   21163557.79048   20885466.17248   23501044.71046   22539126.92847      
   24820805.71545   24169185.38645   24929143.81146   21175175.94548   20874896.99548   23516385.79546   22530655.66247      
   24843015.54645   24161859.07346   24945557.05646   21186853.56748   20864405.45948   23531787.73946   22522278.34747      
   24865232.24545   24154638.52645   24962037.81946   21198589.59648   20853990.21248   23547248.38846   22513993.86647      
   24887463.07545   24147525.57346   24978590.23846   21210387.42948   20843655.68748   23562770.95346   22505807.00047      
   24909705.55845   24140520.14146   24995211.55246   21222245.60448   20833400.67548   23578353.81046   22497716.43047      