  -5.5905034950806102e-006   3.6384556385538102e-004  -3.0048121644341800e-004   4.9826010733539051e-005   4.4385987426144769e-004  -2.7578186289934473e-005  -1.5211795372284756e-004      
  -5.5905647058079530e-006   3.6384561430516594e-004  -3.0048170900325054e-004   4.9826071865476508e-005   4.4386041410726657e-004  -2.7578210733537417e-005  -1.5211814038299488e-004      
  -5.5906260040589495e-006   3.6384566466390064e-004  -3.0048220152836092e-004   4.9826133060442127e-005   4.4386095389357824e-004  -2.7578235188203411e-005  -1.5211832732204886e-004      
  -5.5906873913204861e-006   3.6384571493058333e-004  -3.0048269401864098e-004   4.9826194318924396e-005   4.4386149361954252e-004  -2.7578259654002874e-005  -1.5211851454310305e-004      
  -5.5907488690901834e-006   3.6384576510421236e-004  -3.0048318647398842e-004   4.9826255641407457e-005   4.4386203328431579e-004  -2.7578284131005110e-005  -1.5211870204925206e-004      
  -5.5908104388763673e-006   3.6384581518378626e-004  -3.0048367889430670e-004   4.9826317028371003e-005   4.4386257288705024e-004  -2.7578308619278251e-005  -1.5211888984359149e-004      
  -5.5908721021980125e-006   3.6384586516830382e-004  -3.0048417127950464e-004   4.9826378480290335e-005   4.4386311242689431e-004  -2.7578333118889304e-005  -1.5211907792921791e-004      
  -5.5909338605847294e-006   3.6384591505676415e-004  -3.0048466362949690e-004   4.9826439997636315e-005   4.4386365190299281e-004  -2.7578357629904117e-005  -1.5211926630922886e-004      
  -5.5909957155767271e-006   3.6384596484816660e-004  -3.0048515594420381e-004   4.9826501580875399e-005   4.4386419131448658e-004  -2.7578382152387398e-005  -1.5211945498672273e-004      
  -5.5910576687247492e-006   3.6384601454151076e-004  -3.0048564822355135e-004   4.9826563230469554e-005   4.4386473066051286e-004  -2.7578406686402713e-005  -1.5211964396479871e-004      
  -5.5911197215901122e-006   3.6384606413579653e-004  -3.0048614046747113e-004   4.9826624946876381e-005   4.4386526994020511e-004  -2.7578431232012467e-005  -1.5211983324655700e-004      
  -5.5911818757445711e-006   3.6384611363002436e-004  -3.0048663267590053e-004   4.9826686730548966e-005   4.4386580915269303e-004  -2.7578455789277922e-005  -1.5212002283509818e-004      
  -5.5912441327703726e-006   3.6384616302319469e-004  -3.0048712484878262e-004   4.9826748581935975e-005   4.4386634829710286e-004  -2.7578480358259194e-005  -1.5212021273352383e-004      
  -5.5913064942601554e-006   3.6384621231430868e-004  -3.0048761698606591e-004   4.9826810501481556e-005   4.4386688737255674e-004  -2.7578504939015228e-005  -1.5212040294493604e-004      
  -5.5913689618169615e-006   3.6384626150236769e-004  -3.0048810908770481e-004   4.9826872489625436e-005   4.4386742637817352e-004  -2.7578529531603834e-005  -1.5212059347243753e-004      
  -5.5914315370541465e-006   3.6384631058637349e-004  -3.0048860115365931e-004   4.9826934546802799e-005   4.4386796531306811e-004  -2.7578554136081648e-005  -1.5212078431913156e-004      
  -5.5914942215954327e-006   3.6384635956532833e-004  -3.0048909318389493e-004   4.9826996673444385e-005   4.4386850417635197e-004  -2.7578578752504159e-005  -1.5212097548812192e-004      
  -5.5915570170747729e-006   3.6384640843823481e-004  -3.0048958517838316e-004   4.9827058869976428e-005   4.4386904296713295e-004  -2.7578603380925708e-005  -1.5212116698251279e-004      
  -5.5916199251363733e-006   3.6384645720409611e-004  -3.0049007713710079e-004   4.9827121136820622e-005   4.4386958168451517e-004  -2.7578628021399458e-005  -1.5212135880540888e-004      
  -5.5916829474346205e-006   3.6384650586191575e-004  -3.0049056906003053e-004   4.9827183474394188e-005   4.4387012032759919e-004  -2.7578652673977414e-005  -1.5212155095991502e-004      
  -5.5917460856341028e-006   3.6384655441069788e-004  -3.0049106094716041e-004   4.9827245883109781e-005   4.4387065889548192e-004  -2.7578677338710432e-005  -1.5212174344913658e-004      
  -5.5918093414095280e-006   3.6384660284944704e-004  -3.0049155279848440e-004   4.9827308363375581e-005   4.4387119738725691e-004  -2.7578702015648198e-005  -1.5212193627617911e-004      
  -5.5918727164456853e-006   3.6384665117716842e-004  -3.0049204461400208e-004   4.9827370915595183e-005   4.4387173580201392e-004  -2.7578726704839235e-005  -1.5212212944414830e-004      
  -5.5919362124374343e-006   3.6384669939286759e-004  -3.0049253639371874e-004   4.9827433540167690e-005   4.4387227413883955e-004  -2.7578751406330890e-005  -1.5212232295615019e-004      
  -5.5919998310896744e-006   3.6384674749555089e-004  -3.0049302813764508e-004   4.9827496237487634e-005   4.4387281239681659e-004  -2.7578776120169376e-005  -1.5212251681529079e-004      
  -5.5920635741172874e-006   3.6384679548422507e-004  -3.0049351984579774e-004   4.9827559007945011e-005   4.4387335057502480e-004  -2.7578800846399713e-005  -1.5212271102467634e-004      
  -5.5921274432451092e-006   3.6384684335789770e-004  -3.0049401151819932e-004   4.9827621851925255e-005   4.4387388867254019e-004  -2.7578825585065785e-005  -1.5212290558741303e-004      
  -5.5921914402078541e-006   3.6384689111557675e-004  -3.0049450315487714e-004   4.9827684769809232e-005   4.4387442668843521e-004  -2.7578850336210271e-005  -1.5212310050660696e-004      
  -5.5922555667501525e-006   3.6384693875627077e-004  -3.0049499475586497e-004   4.9827747761973227e-005   4.4387496462177918e-004  -2.7578875099874701e-005  -1.5212329578536429e-004      
  -5.5923198246264534e-006   3.6384698627898933e-004  -3.0049548632120191e-004   4.9827810828788967e-005   4.4387550247163774e-004  -2.7578899876099437e-005  -1.5212349142679094e-004      
  -5.5923842156010148e-006   3.6384703368274235e-004  -3.0049597785093262e-004   4.9827873970623576e-005   4.4387604023707344e-004  -2.7578924664923666e-005  -1.5212368743399278e-004      
  -5.5924487414478540e-006   3.6384708096654059e-004  -3.0049646934510779e-004   4.9827937187839591e-005   4.4387657791714535e-004  -2.7578949466385403e-005  -1.5212388381007547e-004      
  -5.5925134039507316e-006   3.6384712812939532e-004  -3.0049696080378330e-004   4.9828000480794981e-005   4.4387711551090907e-004  -2.7578974280521497e-005  -1.5212408055814434e-004      
  -5.5925782049030800e-006   3.6384717517031888e-004  -3.0049745222702096e-004   4.9828063849843088e-005   4.4387765301741696e-004  -2.7578999107367622e-005  -1.5212427768130445e-004      
  -5.5926431461079832e-006   3.6384722208832401e-004  -3.0049794361488799e-004   4.9828127295332645e-005   4.4387819043571807e-004  -2.7579023946958265e-005  -1.5212447518266045e-004      
  -5.5927082293781375e-006   3.6384726888242451e-004  -3.0049843496745713e-004   4.9828190817607773e-005   4.4387872776485807e-004  -2.7579048799326757e-005  -1.5212467306531665e-004      
  -5.5927734565358173e-006   3.6384731555163461e-004  -3.0049892628480717e-004   4.9828254417007980e-005   4.4387926500387941e-004  -2.7579073664505243e-005  -1.5212487133237695e-004      
  -5.5928388294128525e-006   3.6384736209496972e-004  -3.0049941756702222e-004   4.9828318093868159e-005   4.4387980215182131e-004  -2.7579098542524694e-005  -1.5212506998694465e-004      
  -5.5929043498505717e-006   3.6384740851144574e-004  -3.0049990881419206e-004   4.9828381848518575e-005   4.4388033920771987e-004  -2.7579123433414915e-005  -1.5212526903212261e-004      
  -5.5929700196997545e-006   3.6384745480007975e-004  -3.0050040002641215e-004   4.9828445681284864e-005   4.4388087617060765e-004  -2.7579148337204527e-005  -1.5212546847101304e-004      
  -5.5930358408206623e-006   3.6384750095988928e-004  -3.0050089120378377e-004   4.9828509592488031e-005   4.4388141303951462e-004  -2.7579173253920977e-005  -1.5212566830671764e-004      
  -5.5931018150828680e-006   3.6384754698989315e-004  -3.0050138234641354e-004   4.9828573582444424e-005   4.4388194981346700e-004  -2.7579198183590532e-005  -1.5212586854233731e-004      
  -5.5931679443653345e-006   3.6384759288911062e-004  -3.0050187345441367e-004   4.9828637651465752e-005   4.4388248649148825e-004  -2.7579223126238285e-005  -1.5212606918097227e-004      
  -5.5932342305563320e-006   3.6384763865656230e-004  -3.0050236452790213e-004   4.9828701799859076e-005   4.4388302307259831e-004  -2.7579248081888136e-005  -1.5212627022572191e-004      
  -5.5933006755534000e-006   3.6384768429126942e-004  -3.0050285556700235e-004   4.9828766027926785e-005   4.4388355955581423e-004  -2.7579273050562827e-005  -1.5212647167968483e-004      
  -5.5933672812633204e-006   3.6384772979225429e-004  -3.0050334657184341e-004   4.9828830335966615e-005   4.4388409594014989e-004  -2.7579298032283898e-005  -1.5212667354595877e-004      
  -5.5934340496020124e-006   3.6384777515853999e-004  -3.0050383754256002e-004   4.9828894724271612e-005   4.4388463222461600e-004  -2.7579323027071724e-005  -1.5212687582764046e-004      
  -5.5935009824946404e-006   3.6384782038915086e-004  -3.0050432847929216e-004   4.9828959193130201e-005   4.4388516840822019e-004  -2.7579348034945483e-005  -1.5212707852782568e-004      
  -5.5935680818754330e-006   3.6384786548311203e-004  -3.0050481938218590e-004   4.9829023742826085e-005   4.4388570448996721e-004  -2.7579373055923177e-005  -1.5212728164960934e-004      
  -5.5936353496876877e-006   3.6384791043944968e-004  -3.0050531025139235e-004   4.9829088373638309e-005   4.4388624046885858e-004  -2.7579398090021635e-005  -1.5212748519608513e-004      
  -5.5937027878837810e-006   3.6384795525719110e-004  -3.0050580108706849e-004   4.9829153085841225e-005   4.4388677634389282e-004  -2.7579423137256490e-005  -1.5212768917034560e-004      
  -5.5937703984250412e-006   3.6384799993536448e-004  -3.0050629188937679e-004   4.9829217879704472e-005   4.4388731211406535e-004  -2.7579448197642196e-005  -1.5212789357548222e-004      
  -5.5938381832817882e-006   3.6384804447299907e-004  -3.0050678265848514e-004   4.9829282755493058e-005   4.4388784777836884e-004  -2.7579473271192020e-005  -1.5212809841458515e-004      
  -5.5939061444332457e-006   3.6384808886912550e-004  -3.0050727339456712e-004   4.9829347713467232e-005   4.4388838333579277e-004  -2.7579498357918051e-005  -1.5212830369074347e-004      
  -5.5939742838675330e-006   3.6384813312277512e-004  -3.0050776409780189e-004   4.9829412753882580e-005   4.4388891878532379e-004  -2.7579523457831193e-005  -1.5212850940704472e-004      
  -5.5940426035816023e-006   3.6384817723298057e-004  -3.0050825476837383e-004   4.9829477876989960e-005   4.4388945412594544e-004  -2.7579548570941156e-005  -1.5212871556657528e-004      
  -5.5941111055812174e-006   3.6384822119877566e-004  -3.0050874540647326e-004   4.9829543083035567e-005   4.4388998935663860e-004  -2.7579573697256471e-005  -1.5212892217242001e-004      
  -5.5941797918808793e-006   3.6384826501919518e-004  -3.0050923601229566e-004   4.9829608372260813e-005   4.4389052447638106e-004  -2.7579598836784486e-005  -1.5212912922766238e-004      
  -5.5942486645038627e-006   3.6384830869327532e-004  -3.0050972658604233e-004   4.9829673744902473e-005   4.4389105948414777e-004  -2.7579623989531369e-005  -1.5212933673538429e-004      
  -5.5943177254821004e-006   3.6384835222005331e-004  -3.0051021712792006e-004   4.9829739201192566e-005   4.4389159437891113e-004  -2.7579649155502093e-005  -1.5212954469866625e-004      
  -5.5943869768561415e-006   3.6384839559856758e-004  -3.0051070763814083e-004   4.9829804741358390e-005   4.4389212915964005e-004  -2.7579674334700443e-005  -1.5212975312058703e-004      
  -5.5944564206751804e-006   3.6384843882785779e-004  -3.0051119811692222e-004   4.9829870365622517e-005   4.4389266382530119e-004  -2.7579699527129017e-005  -1.5212996200422371e-004      
  -5.5945260589969254e-006   3.6384848190696491e-004  -3.0051168856448743e-004   4.9829936074202784e-005   4.4389319837485788e-004  -2.7579724732789228e-005  -1.5213017135265179e-004      
  -5.5945958938876524e-006   3.6384852483493105e-004  -3.0051217898106522e-004   4.9830001867312331e-005   4.4389373280727124e-004  -2.7579749951681320e-005  -1.5213038116894509e-004      
  -5.5946659274221228e-006   3.6384856761079967e-004  -3.0051266936688946e-004   4.9830067745159541e-005   4.4389426712149925e-004  -2.7579775183804318e-005  -1.5213059145617545e-004      
  -5.5947361616835117e-006   3.6384861023361554e-004  -3.0051315972219985e-004   4.9830133707948063e-005   4.4389480131649728e-004  -2.7579800429156083e-005  -1.5213080221741307e-004      
  -5.5948065987634238e-006   3.6384865270242466e-004  -3.0051365004724149e-004   4.9830199755876800e-005   4.4389533539121776e-004  -2.7579825687733278e-005  -1.5213101345572610e-004      
  -5.5948772407617969e-006   3.6384869501627441e-004  -3.0051414034226471e-004   4.9830265889139952e-005   4.4389586934461065e-004  -2.7579850959531398e-005  -1.5213122517418091e-004      
  -5.5949480897869324e-006   3.6384873717421344e-004  -3.0051463060752550e-004   4.9830332107926936e-005   4.4389640317562341e-004  -2.7579876244544732e-005  -1.5213143737584185e-004      
  -5.5950191479553836e-006   3.6384877917529184e-004  -3.0051512084328531e-004   4.9830398412422461e-005   4.4389693688320024e-004  -2.7579901542766386e-005  -1.5213165006377122e-004      
  -5.5950904173919690e-006   3.6384882101856108e-004  -3.0051561104981096e-004   4.9830464802806448e-005   4.4389747046628329e-004  -2.7579926854188293e-005  -1.5213186324102923e-004      
  -5.5951619002297328e-006   3.6384886270307397e-004  -3.0051610122737497e-004   4.9830531279254147e-005   4.4389800392381188e-004  -2.7579952178801193e-005  -1.5213207691067415e-004      
  -5.5952335986097997e-006   3.6384890422788479e-004  -3.0051659137625484e-004   4.9830597841935946e-005   4.4389853725472256e-004  -2.7579977516594628e-005  -1.5213229107576185e-004      
  -5.5953055146814879e-006   3.6384894559204916e-004  -3.0051708149673377e-004   4.9830664491017592e-005   4.4389907045794957e-004  -2.7580002867556968e-005  -1.5213250573934618e-004      
