   2.1780146874632005e+007  -7.1058296576244663e+006  -6.1533845896193441e+006   1.3808406719518375e+007   2.5138143776955388e+007   1.8896103510737449e+007   1.5247581523591518e+007      
   2.1776386055840317e+007  -7.0285893592970921e+006  -6.2183563321627285e+006   1.3800220091299137e+007   2.5118160458813317e+007   1.8934840888848715e+007   1.5226284376334216e+007      
   2.1772354080549005e+007  -6.9513825474863146e+006  -6.2834556249484839e+006   1.3792162280109214e+007   2.5097909162592374e+007   1.8973264268702518e+007   1.5204726058967063e+007      
   2.1768050209453147e+007  -6.8742109745564507e+006  -6.3486811969902758e+006   1.3784232851007424e+007   2.5077390928437300e+007   1.9011373327910811e+007   1.5182906033058420e+007      
   2.1763473711820692e+007  -6.7970763897684962e+006  -6.4140317701067599e+006   1.3776431360044505e+007   2.5056606803942755e+007   1.9049167755231824e+007   1.5160823769229332e+007      
   2.1758623865523599e+007  -6.7199805392231978e+006  -6.4795060589135513e+006   1.3768757354291666e+007   2.5035557844104610e+007   1.9086647250540614e+007   1.5138478747188743e+007      
   2.1753499957071375e+007  -6.6429251658897167e+006  -6.5451027708561104e+006   1.3761210371865289e+007   2.5014245111283932e+007   1.9123811524836488e+007   1.5115870455747399e+007      
   2.1748101281640314e+007  -6.5659120093465457e+006  -6.6108206063072924e+006   1.3753789941949429e+007   2.4992669675141566e+007   1.9160660300280213e+007   1.5092998392856145e+007      
   2.1742427143104713e+007  -6.4889428059459385e+006  -6.6766582586236671e+006   1.3746495584823564e+007   2.4970832612617265e+007   1.9197193310154822e+007   1.5069862065631775e+007      
   2.1736476854070049e+007  -6.4120192885405822e+006  -6.7426144141162504e+006   1.3739326811888505e+007   2.4948735007856328e+007   1.9233410298918992e+007   1.5046460990377933e+007      
   2.1730249735896003e+007  -6.3351431865465306e+006  -6.8086877522266563e+006   1.3732283125688812e+007   2.4926377952175207e+007   1.9269311022187479e+007   1.5022794692602947e+007      
   2.1723745118735809e+007  -6.2583162258427385e+006  -6.8748769454372087e+006   1.3725364019946331e+007   2.4903762544016335e+007   1.9304895246724267e+007   1.4998862707071276e+007      
   2.1716962341556750e+007  -6.1815401286774054e+006  -6.9411806594665581e+006   1.3718568979580760e+007   2.4880889888893150e+007   1.9340162750477180e+007   1.4974664577798136e+007      
   2.1709900752176233e+007  -6.1048166136618145e+006  -7.0075975531769469e+006   1.3711897480743255e+007   2.4857761099349130e+007   1.9375113322554197e+007   1.4950199858094970e+007      
   2.1702559707284432e+007  -6.0281473956391858e+006  -7.0741262787489751e+006   1.3705348990838464e+007   2.4834377294897467e+007   1.9409746763246544e+007   1.4925468110584231e+007      
   2.1694938572480477e+007  -5.9515341856607953e+006  -7.1407654816467660e+006   1.3698922968558006e+007   2.4810739601990271e+007   1.9444062884004276e+007   1.4900468907227490e+007      
   2.1687036722288109e+007  -5.8749786909447489e+006  -7.2075138007181324e+006   1.3692618863905765e+007   2.4786849153952889e+007   1.9478061507476427e+007   1.4875201829345411e+007      
   2.1678853540196143e+007  -5.7984826147233164e+006  -7.2743698682469325e+006   1.3686436118227974e+007   2.4762707090942360e+007   1.9511742467487007e+007   1.4849666467647314e+007      
   2.1670388418678433e+007  -5.7220476562615214e+006  -7.3413323099694028e+006   1.3680374164243679e+007   2.4738314559895236e+007   1.9545105609041944e+007   1.4823862422244776e+007      
   2.1661640759225767e+007  -5.6456755107990289e+006  -7.4083997451494047e+006   1.3674432426074822e+007   2.4713672714491528e+007   1.9578150788322315e+007   1.4797789302691298e+007      
   2.1652609972364143e+007  -5.5693678694104496e+006  -7.4755707866292261e+006   1.3668610319275267e+007   2.4688782715083454e+007   1.9610877872698832e+007   1.4771446727984276e+007      
   2.1643295477687187e+007  -5.4931264189965669e+006  -7.5428440409038737e+006   1.3662907250859927e+007   2.4663645728653561e+007   1.9643286740729280e+007   1.4744834326592192e+007      
   2.1633696703882918e+007  -5.4169528422435857e+006  -7.6102181081536831e+006   1.3657322619340302e+007   2.4638262928771205e+007   1.9675377282149162e+007   1.4717951736491155e+007      
   2.1623813088753879e+007  -5.3408488174292510e+006  -7.6776915822954355e+006   1.3651855814750561e+007   2.4612635495528914e+007   1.9707149397877768e+007   1.4690798605161149e+007      
   2.1613644079242770e+007  -5.2648160185337421e+006  -7.7452630510575399e+006   1.3646506218682926e+007   2.4586764615495943e+007   1.9738603000028037e+007   1.4663374589619018e+007      
   2.1603189131458178e+007  -5.1888561150460141e+006  -7.8129310960439667e+006   1.3641273204317687e+007   2.4560651481669903e+007   1.9769738011882529e+007   1.4635679356442278e+007      
   2.1592447710699543e+007  -5.1129707719626380e+006  -7.8806942927506100e+006   1.3636156136457304e+007   2.4534297293418989e+007   1.9800554367921755e+007   1.4607712581777995e+007      
   2.1581419291485585e+007  -5.0371616497147381e+006  -7.9485512106135823e+006   1.3631154371561155e+007   2.4507703256449066e+007   1.9831052013763241e+007   1.4579473951387677e+007      
   2.1570103357566956e+007  -4.9614304041190045e+006  -8.0165004131271960e+006   1.3626267257774414e+007   2.4480870582725391e+007   1.9861230906223360e+007   1.4550963160629429e+007      
   2.1558499401957456e+007  -4.8857786862780889e+006  -8.0845404578379095e+006   1.3621494134965334e+007   2.4453800490440380e+007   1.9891091013273597e+007   1.4522179914515585e+007      
   2.1546606926954553e+007  -4.8102081425489038e+006  -8.1526698964169137e+006   1.3616834334757615e+007   2.4426494203949448e+007   1.9920632314059578e+007   1.4493123927694552e+007      
   2.1534425444161743e+007  -4.7347204144399762e+006  -8.2208872747745849e+006   1.3612287180564968e+007   2.4398952953722175e+007   1.9949854798878364e+007   1.4463794924496260e+007      
   2.1521954474507194e+007  -4.6593171386366468e+006  -8.2891911330187544e+006   1.3607851987625932e+007   2.4371177976289455e+007   1.9978758469180793e+007   1.4434192638936967e+007      
   2.1509193548272405e+007  -4.5839999468363365e+006  -8.3575800055816835e+006   1.3603528063040690e+007   2.4343170514196958e+007   2.0007343337563701e+007   1.4404316814745653e+007      
   2.1496142205108751e+007  -4.5087704657628974e+006  -8.4260524212134145e+006   1.3599314705804177e+007   2.4314931815940827e+007   2.0035609427764516e+007   1.4374167205374625e+007      
   2.1482799994060535e+007  -4.4336303170721801e+006  -8.4946069031202905e+006   1.3595211206844043e+007   2.4286463135924269e+007   2.0063556774655640e+007   1.4343743574019503e+007      
   2.1469166473582935e+007  -4.3585811172942882e+006  -8.5632419689730648e+006   1.3591216849054798e+007   2.4257765734395843e+007   2.0091185424238712e+007   1.4313045693631548e+007      
   2.1455241211559869e+007  -4.2836244777576225e+006  -8.6319561309702024e+006   1.3587330907335598e+007   2.4228840877395529e+007   2.0118495433632173e+007   1.4282073346934408e+007      
   2.1441023785327133e+007  -4.2087620045638923e+006  -8.7007478959078453e+006   1.3583552648626473e+007   2.4199689836700313e+007   2.0145486871080849e+007   1.4250826326439690e+007      
   2.1426513781693269e+007  -4.1339952984763202e+006  -8.7696157652314864e+006   1.3579881331947053e+007   2.4170313889776714e+007   2.0172159815917946e+007   1.4219304434463482e+007      
   2.1411710796944700e+007  -4.0593259549062899e+006  -8.8385582351201605e+006   1.3576316208431315e+007   2.4140714319706958e+007   2.0198514358584054e+007   1.4187507483130164e+007      
   2.1396614436891962e+007  -3.9847555638402067e+006  -8.9075737964781150e+006   1.3572856521369835e+007   2.4110892415164839e+007   2.0224550600605588e+007   1.4155435294413999e+007      
   2.1381224316862255e+007  -3.9102857097629430e+006  -8.9766609350543059e+006   1.3569501506244924e+007   2.4080849470336229e+007   2.0250268654574361e+007   1.4123087700125657e+007      
   2.1365540061727434e+007  -3.8359179716391205e+006  -9.0458181314641181e+006   1.3566250390771043e+007   2.4050586784876622e+007   2.0275668644150391e+007   1.4090464541947458e+007      
   2.1349561305921912e+007  -3.7616539228007845e+006  -9.1150438612853978e+006   1.3563102394933229e+007   2.4020105663848724e+007   2.0300750704052895e+007   1.4057565671428688e+007      
   2.1333287693455204e+007  -3.6874951309612719e+006  -9.1843365950806681e+006   1.3560056731026068e+007   2.3989407417672180e+007   2.0325514980043638e+007   1.4024390950018359e+007      
   2.1316718877945978e+007  -3.6134431580675631e+006  -9.2536947984717563e+006   1.3557112603694901e+007   2.3958493362072837e+007   2.0349961628903631e+007   1.3990940249060459e+007      
   2.1299854522601973e+007  -3.5394995603285390e+006  -9.3231169322058354e+006   1.3554269209973950e+007   2.3927364818003934e+007   2.0374090818444878e+007   1.3957213449815288e+007      
   2.1282694300271261e+007  -3.4656658880544589e+006  -9.3926014522315785e+006   1.3551525739327874e+007   2.3896023111612927e+007   2.0397902727481108e+007   1.3923210443462845e+007      
   2.1265237893445969e+007  -3.3919436857168758e+006  -9.4621468096900657e+006   1.3548881373692071e+007   2.3864469574178569e+007   2.0421397545823127e+007   1.3888931131122757e+007      
   2.1247484994266886e+007  -3.3183344918233631e+006  -9.5317514510624669e+006   1.3546335287515387e+007   2.3832705542057406e+007   2.0444575474253021e+007   1.3854375423878379e+007      
   2.1229435304557823e+007  -3.2448398388374178e+006  -9.6014138181667551e+006   1.3543886647798825e+007   2.3800732356620066e+007   2.0467436724523481e+007   1.3819543242760001e+007      
   2.1211088535822537e+007  -3.1714612532015988e+006  -9.6711323482600674e+006   1.3541534614138944e+007   2.3768551364194982e+007   2.0489981519335300e+007   1.3784434518771445e+007      
   2.1192444409269299e+007  -3.0982002551986761e+006  -9.7409054740666021e+006   1.3539278338769641e+007   2.3736163916014500e+007   2.0512210092328932e+007   1.3749049192891961e+007      
   2.1173502655816689e+007  -3.0250583589540306e+006  -9.8107316238833368e+006   1.3537116966604587e+007   2.3703571368158087e+007   2.0534122688061416e+007   1.3713387216097862e+007      
   2.1154263016114108e+007  -2.9520370723309014e+006  -9.8806092215621136e+006   1.3535049635280019e+007   2.3670775081500988e+007   2.0555719561993454e+007   1.3677448549370864e+007      
   2.1134725240547396e+007  -2.8791378969250373e+006  -9.9505366866768282e+006   1.3533075475196892e+007   2.3637776421632189e+007   2.0577000980483100e+007   1.3641233163686140e+007      
   2.1114889089264151e+007  -2.8063623279407555e+006  -1.0020512434493715e+007   1.3531193609566092e+007   2.3604576758833449e+007   2.0597967220751148e+007   1.3604741040052420e+007      
   2.1094754332160465e+007  -2.7337118542274609e+006  -1.0090534876098452e+007   1.3529403154449426e+007   2.3571177467983514e+007   2.0618618570878450e+007   1.3567972169486573e+007      
   2.1074320748916224e+007  -2.6611879581040889e+006  -1.0160602418424932e+007   1.3527703218806136e+007   2.3537579928517103e+007   2.0638955329783771e+007   1.3530926553040616e+007      
   2.1053588129007578e+007  -2.5887921154571809e+006  -1.0230713464299496e+007   1.3526092904536460e+007   2.3503785524392050e+007   2.0658977807195827e+007   1.3493604201827759e+007      
   2.1032556271696992e+007  -2.5165257955462281e+006  -1.0300866412521578e+007   1.3524571306525569e+007   2.3469795643986855e+007   2.0678686323644049e+007   1.3456005136999620e+007      
   2.1011224986070082e+007  -2.4443904610391147e+006  -1.0371059657948218e+007   1.3523137512689523e+007   2.3435611680074185e+007   2.0698081210444067e+007   1.3418129389762415e+007      
   2.0989594091018852e+007  -2.3723875678984839e+006  -1.0441291591548849e+007   1.3521790604019107e+007   2.3401235029735591e+007   2.0717162809672788e+007   1.3379977001380950e+007      
   2.0967663415263135e+007  -2.3005185653380221e+006  -1.0511560600443359e+007   1.3520529654626556e+007   2.3366667094325706e+007   2.0735931474147212e+007   1.3341548023183588e+007      
   2.0945432797370367e+007  -2.2287848958405200e+006  -1.0581865067990201e+007   1.3519353731791057e+007   2.3331909279401720e+007   2.0754387567396112e+007   1.3302842516584445e+007      
   2.0922902085746873e+007  -2.1571879949914627e+006  -1.0652203373825552e+007   1.3518261896004859e+007   2.3296962994674172e+007   2.0772531463663131e+007   1.3263860553070851e+007      
   2.0900071138662908e+007  -2.0857292915234277e+006  -1.0722573893959383e+007   1.3517253201019481e+007   2.3261829653929494e+007   2.0790363547867794e+007   1.3224602214209065e+007      
   2.0876939824240137e+007  -2.0144102071632389e+006  -1.0792975000800291e+007   1.3516326693892661e+007   2.3226510674979117e+007   2.0807884215582747e+007   1.3185067591647306e+007      
   2.0853508020481858e+007  -1.9432321566898199e+006  -1.0863405063269857e+007   1.3515481415035652e+007   2.3191007479611091e+007   2.0825093873016298e+007   1.3145256787140328e+007      
   2.0829775615261741e+007  -1.8721965478199488e+006  -1.0933862446819182e+007   1.3514716398260035e+007   2.3155321493514922e+007   2.0841992936990593e+007   1.3105169912525151e+007      
   2.0805742506330486e+007  -1.8013047811347460e+006  -1.1004345513535496e+007   1.3514030670825513e+007   2.3119454146217231e+007   2.0858581834922194e+007   1.3064807089728277e+007      
   2.0781408601359133e+007  -1.7305582500814702e+006  -1.1074852622135319e+007   1.3513423253488256e+007   2.3083406871054828e+007   2.0874861004783463e+007   1.3024168450803520e+007      
   2.0756773817890886e+007  -1.6599583408839470e+006  -1.1145382128129579e+007   1.3512893160548376e+007   2.3047181105068956e+007   2.0890830895097420e+007   1.2983254137880743e+007      
   